-6.87578 158.72 -3.79727 22.5032 -76.4017 -62.0193 
-6.99225 158.676 -3.75878 23.3813 -76.2292 -61.3043 
-7.09163 158.592 -3.7607 24.436 -76.1493 -60.3496 
-7.17942 158.464 -3.79633 26.1803 -76.1439 -58.8089 
-7.25377 158.299 -3.8374 28.4655 -76.3017 -56.927 
-7.27157 158.124 -3.87745 31.16 -76.5553 -54.5647 
-7.24474 157.958 -3.89958 33.3746 -76.8327 -52.5696 
-7.14392 157.829 -3.88917 33.6414 -77.1273 -52.4577 
-6.99713 157.754 -3.8417 31.9173 -77.2192 -54.3532 
-6.81632 157.722 -3.75802 29.7832 -77.0943 -56.6639 
-6.6167 157.681 -3.66473 28.7585 -76.8972 -57.8372 
-6.41816 157.616 -3.56399 28.9501 -76.7115 -57.8034 
-6.24359 157.548 -3.46851 29.4806 -76.5621 -57.5289 
-6.07069 157.5 -3.37558 29.3132 -76.4612 -58.0751 
-5.89387 157.482 -3.29649 28.6329 -76.3816 -59.1428 
-5.70727 157.501 -3.20445 27.9744 -76.3109 -60.2654 
-5.49243 157.546 -3.11561 27.5634 -76.2433 -61.144 
-5.23716 157.597 -3.0265 27.0272 -76.2009 -61.9811 
-4.96184 157.639 -2.92784 26.1012 -76.1261 -63.1307 
-4.68492 157.666 -2.83598 25.9387 -75.9463 -63.4998 
-4.3892 157.66 -2.76799 26.3755 -75.8064 -63.0324 
-4.05711 157.629 -2.70529 25.2676 -75.8169 -63.8685 
-3.74035 157.602 -2.65945 23.0139 -75.9148 -65.9639 
-3.45768 157.566 -2.6138 22.0096 -75.8527 -66.961 
-3.18926 157.508 -2.57425 22.3601 -75.6908 -66.565 
-2.92405 157.451 -2.51983 21.8628 -75.5891 -67.0126 
-2.65144 157.404 -2.46307 19.2275 -75.6421 -69.6703 
-2.37101 157.361 -2.39926 15.7738 -75.7266 -73.2544 
-2.06816 157.336 -2.36204 13.5259 -75.7946 -75.6583 
-1.76349 157.335 -2.33172 11.0956 -75.8506 -78.3726 
-1.4684 157.352 -2.2622 7.01191 -75.7547 -82.8689 
-1.18248 157.391 -2.21179 2.78716 -75.6478 -87.5908 
-0.957921 157.445 -2.17619 -0.0218205 -75.611 -91.0408 
-0.764155 157.51 -2.16139 -2.69535 -75.5967 -94.3318 
-0.564983 157.605 -2.18577 -7.38582 -75.363 -99.4583 
-0.400531 157.726 -2.24039 -13.6506 -74.8086 -106.107 
-0.266813 157.848 -2.28976 -19.8036 -74.0523 -112.516 
-0.155977 157.977 -2.33228 -25.9325 -73.1792 -118.589 
-0.0628867 158.141 -2.38808 -32.9411 -71.8843 -125.24 
-0.00640138 158.324 -2.43722 -40.1244 -69.8205 -131.922 
-0.00951967 158.503 -2.47144 -46.3935 -67.1819 -137.505 
-0.0805095 158.66 -2.50087 -51.5159 -64.1283 -141.74 
-0.238884 158.81 -2.5039 -55.3681 -60.7582 -144.815 
-0.515189 159 -2.55326 -57.679 -57.9227 -146.866 
-0.877436 159.239 -2.65645 -59.1951 -56.1422 -148.306 
-1.2796 159.491 -2.72074 -60.9155 -54.3662 -149.821 
-1.67783 159.75 -2.67751 -62.7074 -51.9309 -151.213 
-2.10587 160.072 -2.56115 -64.018 -49.4143 -152.17 
-2.55303 160.436 -2.44253 -65.041 -47.2731 -152.861 
-3.00931 160.791 -2.29452 -65.9411 -45.2389 -153.182 
-3.47621 161.109 -2.13982 -66.8306 -42.9552 -153.313 
-3.97191 161.372 -2.06587 -67.6022 -40.9483 -153.64 
-4.46951 161.556 -2.11197 -68.0465 -40.0196 -153.913 
-4.98276 161.647 -2.2138 -68.3299 -39.6435 -153.994 
-5.46717 161.646 -2.2795 -68.7973 -38.8555 -153.996 
-5.90535 161.589 -2.33031 -69.6131 -37.6533 -154.053 
-6.30765 161.509 -2.39871 -70.6361 -36.5533 -154.093 
-6.72686 161.385 -2.45148 -71.6913 -35.5368 -153.88 
-7.23923 161.172 -2.41773 -72.6421 -34.1651 -153.438 
-7.86666 160.888 -2.35079 -73.3653 -32.578 -152.868 
-8.58712 160.566 -2.303 -73.8048 -31.405 -151.791 
-9.36035 160.144 -2.3281 -74.1315 -30.6669 -149.888 
-10.1877 159.533 -2.44386 -74.5892 -29.8274 -147.678 
-11.0939 158.68 -2.6438 -74.9271 -29.3276 -145.523 
-12.077 157.593 -2.92448 -74.6332 -30.0416 -142.928 
-13.1019 156.32 -3.26018 -73.7059 -31.5656 -139.667 
-14.1606 154.909 -3.57911 -72.393 -32.881 -136.29 
-15.2091 153.452 -3.86809 -70.6356 -34.0381 -133.277 
-16.1966 152.026 -4.21245 -68.0972 -35.9616 -130.388 
-17.1215 150.642 -4.63853 -64.506 -38.9631 -127.019 
-17.9833 149.282 -5.0184 -60.0935 -42.1031 -123.071 
-18.7552 147.98 -5.28228 -55.4951 -44.5927 -119.104 
-19.3877 146.838 -5.44282 -50.3772 -46.7397 -114.793 
-19.9255 145.79 -5.55368 -43.9947 -48.8714 -109.64 
-20.3922 144.858 -5.60596 -37.0105 -50.8618 -104.644 
-20.7038 144.038 -5.55425 -29.9966 -52.6688 -100.157 
-20.8705 143.381 -5.4969 -22.8396 -54.2403 -95.5521 
-20.8888 143.002 -5.41993 -15.423 -55.3396 -90.6346 
-20.7588 142.814 -5.31369 -7.83277 -56.106 -85.5281 
-20.4177 142.59 -5.17093 -0.233793 -56.7199 -80.2444 
-19.8661 142.409 -4.97718 8.041 -57.2864 -74.2532 
-19.1615 142.365 -4.74595 17.5678 -57.6096 -67.1492 
-18.317 142.475 -4.55896 26.6934 -57.2345 -60.3369 
-17.3912 142.746 -4.45477 34.166 -56.618 -55.1797 
-16.4388 143.128 -4.41076 40.9808 -56.0342 -50.7877 
-15.4811 143.58 -4.3919 47.9341 -55.0614 -46.3083 
-14.4637 144.087 -4.39865 54.2044 -53.8178 -42.2554 
-13.3104 144.646 -4.43598 57.8197 -53.0609 -40.1349 
-12.0792 145.251 -4.48121 59.2139 -52.8154 -40.1385 
-10.8338 145.831 -4.57771 62.1708 -52.074 -39.2891 
-9.53813 146.347 -4.82828 67.0105 -50.7046 -36.4347 
-8.19191 146.928 -5.22687 69.9785 -50.0522 -34.3162 
-6.81825 147.567 -5.67502 70.0844 -50.687 -34.6294 
-5.38716 148.132 -6.13323 69.3295 -51.4827 -35.7403 
-3.95071 148.616 -6.63122 69.0102 -51.7891 -36.0787 
-2.60879 149.072 -7.1969 69.3379 -52.0951 -36.1008 
-1.28316 149.476 -7.81344 70.0152 -52.655 -35.8669 
0.101001 149.819 -8.4614 69.5211 -53.9033 -36.088 
1.52211 150.099 -9.10297 67.207 -55.8649 -37.5859 
2.93084 150.302 -9.72573 64.5457 -57.8495 -39.3747 
4.29336 150.454 -10.3437 62.4636 -59.6675 -40.615 
5.60167 150.579 -10.9508 60.2337 -61.5721 -41.8338 
6.87065 150.68 -11.5429 57.5189 -63.7635 -43.2529 
8.09507 150.755 -12.0937 54.5992 -66.2239 -44.6 
9.24153 150.792 -12.5617 50.947 -68.8432 -46.4236 
10.2627 150.803 -12.9246 45.8195 -71.4364 -49.4992 
11.152 150.774 -13.177 40.0838 -73.9116 -53.1673 
11.9237 150.706 -13.3144 34.1021 -76.2263 -57.173 
12.5666 150.634 -13.3574 26.4971 -78.3667 -62.8735 
13.1069 150.577 -13.3094 16.065 -80.2005 -71.4645 
13.5551 150.533 -13.1957 3.14577 -81.7143 -82.6761 
13.916 150.502 -13.0031 -11.9275 -82.7859 -96.0617 
14.2081 150.491 -12.7191 -31.0408 -83.1168 -113.314 
14.41 150.507 -12.375 -49.8148 -82.5928 -130.314 
14.4947 150.546 -11.9914 -63.5426 -81.7602 -142.615 
14.4693 150.604 -11.5572 -72.828 -80.9656 -150.64 
14.3549 150.711 -11.0601 -79.3781 -80.1284 -155.903 
14.1579 150.909 -10.5153 -84.401 -79.074 -159.66 
13.8518 151.206 -9.96367 -88.2365 -78.0961 -162.278 
13.4091 151.565 -9.42721 -91.3792 -77.4434 -164.217 
12.854 151.941 -8.86883 -93.6352 -77.0618 -165.455 
12.2246 152.319 -8.26916 -94.6453 -76.8856 -165.588 
11.524 152.707 -7.70338 -95.1979 -76.4772 -165.387 
10.7783 153.105 -7.19189 -96.2888 -76.0885 -165.784 
10.0152 153.49 -6.70784 -97.7924 -76.3319 -166.679 
9.25658 153.866 -6.20203 -98.4183 -77.0414 -166.661 
8.46436 154.244 -5.70827 -97.9741 -77.8544 -165.412 
7.65498 154.601 -5.25681 -97.5539 -78.5869 -163.943 
6.82704 154.874 -4.87499 -98.1654 -79.4967 -163.507 
6.00261 155.042 -4.58816 -99.5119 -80.7854 -163.68 
5.19583 155.115 -4.39736 -101.947 -82.1492 -164.666 
4.41004 155.077 -4.18671 -106.355 -83.3226 -167.716 
3.61437 154.953 -3.87882 -111.825 -84.5994 -172.376 
2.78035 154.789 -3.53433 -118.06 -86.599 -178.302 
1.95117 154.591 -3.19237 -145.853 -88.8953 153.817 
1.18715 154.377 -2.78699 99.4444 -88.1771 38.6745 
0.481666 154.167 -2.31716 85.8325 -85.6741 24.3891 
-0.177477 153.967 -1.83537 81.736 -82.7414 19.4822 
-0.775529 153.744 -1.32977 80.6347 -79.5198 17.3276 
-1.29511 153.531 -0.751339 80.0035 -76.1626 15.2194 
-1.73475 153.404 -0.128965 79.1364 -72.451 12.6599 
-2.08249 153.371 0.464976 78.6126 -68.7624 10.675 
-2.30595 153.392 1.02251 78.8135 -65.8031 9.44405 
-2.41843 153.451 1.5366 79.6503 -63.1587 8.5709 
-2.45607 153.527 1.9945 80.8687 -60.28 8.13598 
-2.39165 153.602 2.37626 82.2934 -57.5659 8.23535 
-2.19888 153.684 2.73974 83.789 -55.5895 8.41082 
-1.88482 153.793 3.10333 84.9657 -54.2452 7.99726 
-1.50411 153.975 3.41586 86.1479 -52.7093 7.3155 
-1.11707 154.211 3.64454 88.3588 -50.4553 7.40454 
-0.713295 154.473 3.853 90.7839 -48.0401 7.70942 
-0.283142 154.775 4.12131 92.2514 -46.1236 7.13189 
0.218448 155.104 4.43096 93.2504 -44.7773 5.9295 
0.870574 155.43 4.70582 93.8961 -44.0162 4.59664 
1.62901 155.798 4.90476 94.0134 -43.6803 3.18883 
2.42025 156.2 5.02746 94.1265 -43.4443 1.66816 
3.33744 156.533 5.03002 94.2821 -43.4295 0.488709 
4.44047 156.815 4.88851 93.7171 -44.0998 -0.16835 
5.63876 157.101 4.69908 92.5444 -45.3404 -1.11529 
6.89325 157.297 4.56109 91.38 -46.5189 -2.65516 
8.15789 157.414 4.37774 90.3375 -47.3318 -3.78575 
9.29056 157.564 4.05944 89.6909 -47.9047 -4.22007 
10.2854 157.716 3.6887 89.6235 -48.4816 -4.7065 
11.1625 157.822 3.31748 89.5746 -49.24 -5.45577 
11.9181 157.917 2.92183 89.0283 -50.7051 -6.37928 
12.5752 157.991 2.54097 87.9901 -53.061 -7.93312 
13.1498 158.023 2.20398 86.9965 -55.3496 -9.77381 
13.6079 158.032 1.90763 86.6782 -56.6322 -11.0275 
13.9436 158.028 1.6566 86.6153 -57.3642 -12.0052 
14.2087 158.03 1.48933 85.5842 -58.6743 -13.8795 
14.3417 158.045 1.3595 83.8962 -60.3556 -16.3743 
14.3279 158.053 1.28166 82.5684 -61.7093 -18.4223 
14.2474 158.039 1.31829 81.4457 -63.0436 -20.0963 
14.0992 158.031 1.42691 79.6853 -64.8109 -22.2039 
13.8724 158.054 1.58326 77.231 -66.6794 -24.8744 
13.5623 158.102 1.76962 75.1951 -68.0426 -27.1698 
13.1734 158.167 1.96582 73.2601 -69.3632 -29.4723 
12.7597 158.253 2.17646 69.4424 -71.1379 -33.6256 
12.3693 158.354 2.46066 63.9948 -72.8491 -39.2498 
11.9794 158.453 2.83146 59.0681 -74.0209 -44.2519 
11.606 158.534 3.2588 54.0695 -75.0146 -49.0942 
11.2868 158.568 3.70738 46.463 -76.0206 -56.2807 
10.9843 158.547 4.13117 37.728 -76.8206 -64.6347 
10.6404 158.482 4.49361 30.8976 -77.4212 -71.1933 
10.27 158.37 4.81668 24.8223 -77.9254 -77.0426 
9.91526 158.221 5.12876 15.4893 -78.315 -86.1691 
9.58247 158.078 5.4209 3.02288 -78.248 -98.3731 
9.23741 157.958 5.73345 -6.85393 -77.6864 -107.801 
8.86043 157.838 6.12011 -12.7563 -76.9654 -113.27 
8.47451 157.706 6.55549 -17.3077 -76.1422 -117.582 
8.08548 157.562 6.96798 -22.2406 -75.0884 -122.413 
7.70182 157.427 7.37968 -27.0025 -73.7323 -127.047 
7.32071 157.304 7.77982 -31.1761 -72.2697 -130.89 
6.95295 157.183 8.17234 -34.9387 -70.7365 -134.024 
6.59448 157.045 8.56141 -38.0765 -69.1766 -136.499 
6.24219 156.902 8.92285 -40.8214 -67.6963 -138.744 
5.91932 156.767 9.24178 -43.3159 -66.3975 -140.686 
5.6534 156.642 9.53852 -45.5919 -65.2083 -142.155 
5.43612 156.527 9.81066 -47.5453 -64.1727 -143.332 
5.24273 156.42 10.0557 -48.8218 -63.5435 -144.018 
5.08101 156.321 10.2851 -49.6268 -63.1035 -144.384 
4.95217 156.24 10.5021 -50.3786 -62.618 -144.749 
4.85266 156.174 10.6843 -51.2161 -62.1491 -145.132 
4.79249 156.123 10.8409 -52.2509 -61.6437 -145.645 
4.75326 156.082 10.9636 -53.5203 -61.0548 -146.257 
4.72889 156.048 11.0765 -54.7402 -60.33 -146.679 
4.72022 156.013 11.2011 -55.7394 -59.5444 -146.933 
4.70323 155.954 11.3491 -56.8212 -58.8106 -147.262 
4.66035 155.845 11.5475 -58.2878 -58.1008 -147.748 
4.58509 155.672 11.8187 -59.8239 -57.2691 -147.86 
4.47371 155.433 12.1794 -61.0743 -56.2153 -147.316 
4.29298 155.121 12.5977 -61.698 -55.287 -146.147 
4.03749 154.726 13.0511 -61.7999 -54.7355 -144.669 
3.73354 154.246 13.5461 -61.7565 -54.3547 -143.022 
3.4168 153.711 14.07 -61.7525 -53.9723 -141.16 
3.09735 153.144 14.6005 -61.773 -53.4757 -139.163 
2.78131 152.536 15.105 -61.6622 -53.1529 -137.057 
2.4721 151.935 15.573 -60.9292 -53.245 -134.506 
2.20157 151.438 16.0266 -59.3344 -53.517 -131.416 
1.99505 150.971 16.456 -57.508 -53.7065 -128.168 
1.79264 150.433 16.8022 -55.7864 -53.8365 -125.079 
1.61358 149.907 17.0332 -53.5598 -54.2826 -121.752 
1.51894 149.414 17.1799 -50.8095 -54.9619 -118.131 
1.51644 148.958 17.2691 -48.4067 -55.443 -114.975 
1.57184 148.564 17.2683 -46.6244 -55.7374 -112.487 
1.66304 148.252 17.168 -44.7723 -56.3574 -110.138 
1.78708 148.001 16.9762 -42.6809 -57.4625 -107.726 
1.95463 147.782 16.7463 -40.7574 -58.6424 -105.308 
2.16703 147.622 16.5017 -38.8642 -59.7545 -102.65 
2.38142 147.557 16.2273 -36.4924 -61.0038 -99.4261 
2.55282 147.541 15.9294 -33.7393 -62.5125 -95.9986 
2.69359 147.548 15.6189 -31.3643 -64.1114 -93.2374 
2.78674 147.603 15.3345 -28.5319 -65.4732 -90.2552 
2.83037 147.706 15.0654 -24.4982 -66.5318 -86.3996 
2.8324 147.845 14.7881 -20.095 -67.295 -82.4718 
2.82127 148.02 14.4898 -16.5171 -67.9725 -79.4148 
2.77824 148.216 14.1684 -12.7921 -68.7205 -76.1805 
2.6739 148.437 13.8231 -7.28381 -69.4234 -71.2889 
2.49847 148.717 13.459 0.112743 -69.9781 -64.7673 
2.29939 149.023 13.0414 8.62834 -70.3829 -57.3373 
2.1403 149.342 12.4945 17.2546 -70.5416 -49.8012 
2.0782 149.698 11.7605 24.582 -70.4939 -43.2668 
2.00839 149.993 11.2314 30.1898 -70.3359 -38.1388 
1.90783 150.249 10.9281 35.0222 -69.9545 -33.7234 
1.75558 150.342 10.8223 39.8263 -69.1446 -29.3371 
1.61013 150.411 10.6969 43.927 -68.0861 -25.5296 
1.51147 150.635 10.4576 46.7986 -67.2257 -22.9111 
1.42056 150.925 10.1693 49.4812 -66.5605 -20.5738 
1.3073 151.207 9.86507 52.6274 -65.7659 -17.832 
1.19523 151.485 9.57246 55.7328 -64.8671 -15.0941 
1.09538 151.775 9.30297 58.5644 -64.0282 -12.563 
0.996554 152.089 9.02843 61.225 -63.3855 -10.1895 
0.877218 152.438 8.71448 63.8545 -62.7988 -7.89323 
0.730297 152.813 8.37378 66.6715 -61.8877 -5.43838 
0.560537 153.19 8.03292 69.6323 -60.7354 -2.8872 
0.367413 153.573 7.69423 72.577 -59.6057 -0.441375 
0.154616 153.968 7.35261 75.3018 -58.6698 1.51748 
-0.0823128 154.356 6.99537 78.174 -57.5807 3.30736 
-0.343727 154.719 6.61759 81.3212 -56.1066 5.2788 
-0.600191 155.065 6.23154 84.3444 -54.7148 7.16416 
-0.818175 155.415 5.84923 87.0159 -53.6583 8.77954 
-0.98998 155.775 5.48338 89.3705 -52.6144 10.2109 
-1.12979 156.131 5.14765 91.5988 -51.1468 11.5487 
-1.24417 156.478 4.82063 93.6459 -49.4961 12.7839 
-1.32536 156.827 4.46865 95.4791 -48.2304 13.9601 
-1.38771 157.168 4.10632 97.1752 -47.2899 15.0515 
-1.45014 157.493 3.7689 98.633 -46.3453 15.8863 
-1.51182 157.792 3.45031 99.8413 -45.3473 16.4841 
-1.55618 158.056 3.14112 100.935 -44.5008 17.0322 
-1.59324 158.293 2.85662 101.959 -43.8052 17.4462 
-1.64161 158.506 2.59024 103.136 -42.9477 17.7006 
-1.68565 158.684 2.3108 104.534 -41.8278 18.0136 
-1.68189 158.828 2.01903 105.91 -41.0681 18.712 
-1.62015 158.965 1.75725 106.976 -41.0289 19.4148 
-1.53777 159.112 1.56875 107.549 -40.8658 19.4612 
-1.47535 159.241 1.39443 107.815 -40.0334 19.0871 
-1.39735 159.359 1.23856 108.032 -39.0531 18.744 
-1.28402 159.482 1.08998 108.489 -38.716 18.6154 
-1.18118 159.604 0.930036 109.103 -38.6122 18.3907 
-1.15429 159.697 0.724706 109.688 -37.7041 17.9911 
-1.14595 159.769 0.475138 110.278 -36.5893 17.8325 
-1.08885 159.853 0.201004 110.879 -36.2687 17.9856 
-1.0225 159.952 -0.0828544 111.478 -36.2738 18.175 
-1.00061 160.052 -0.370444 112.076 -35.8338 18.3346 
-1.01889 160.147 -0.642356 112.724 -35.0551 18.3931 
-1.06203 160.23 -0.893658 113.505 -34.4498 18.3722 
-1.12005 160.315 -1.13853 114.315 -34.2142 18.2824 
-1.19038 160.411 -1.36249 115.083 -33.9027 18.0666 
-1.2747 160.506 -1.55563 115.922 -33.181 17.7582 
-1.3679 160.591 -1.75398 116.793 -32.1735 17.5354 
-1.43202 160.665 -1.9899 117.662 -31.4601 17.7285 
-1.42838 160.745 -2.23742 118.498 -31.4079 18.3178 
-1.40064 160.842 -2.45066 119.1 -31.1807 18.9441 
-1.40226 160.939 -2.65404 119.604 -30.2835 19.1002 
-1.39629 161.033 -2.88383 120.344 -29.4976 19.183 
-1.33487 161.14 -3.10237 121.022 -29.1777 19.319 
-1.23186 161.264 -3.27598 121.259 -28.9433 19.1213 
-1.12673 161.378 -3.46107 121.319 -28.5801 18.8493 
-1.0118 161.491 -3.66311 121.52 -28.0909 18.8307 
-0.892496 161.6 -3.85976 121.875 -27.5588 18.9416 
-0.761922 161.708 -4.02622 122.089 -27.2202 18.8028 
-0.634524 161.804 -4.16641 122.171 -27.0038 18.4065 
-0.518307 161.882 -4.31718 122.334 -26.7484 17.8875 
-0.398163 161.951 -4.50073 122.545 -26.4744 17.4108 
-0.295113 162.003 -4.70609 122.935 -26.1443 17.0319 
-0.197742 162.049 -4.90336 123.417 -25.8442 16.7376 
-0.0558314 162.106 -5.05975 123.513 -25.6232 16.4394 
0.115769 162.172 -5.21611 123.394 -25.4379 16.1856 
0.323166 162.26 -5.36195 123.079 -25.4621 15.6873 
0.54873 162.345 -5.5394 122.548 -25.6052 15.1272 
0.797729 162.421 -5.76209 122.263 -25.7443 14.8982 
1.0271 162.458 -6.05587 122.454 -25.8705 15.0573 
1.26379 162.489 -6.36082 122.499 -25.9872 15.0951 
1.53863 162.535 -6.61624 122.277 -26.2305 14.8612 
1.84676 162.598 -6.81275 121.859 -26.5692 14.4663 
2.15697 162.671 -6.96793 121.364 -26.8542 14.0403 
2.4476 162.715 -7.1082 121.037 -27.1424 13.6464 
2.72337 162.724 -7.25388 120.824 -27.6567 13.1571 
3.01279 162.722 -7.41249 120.641 -28.2655 12.5939 
3.28592 162.708 -7.54021 120.373 -28.621 12.0784 
3.50707 162.676 -7.66428 120.089 -28.9871 11.5219 
3.66455 162.635 -7.81842 119.98 -29.5273 10.7545 
3.81618 162.59 -7.95921 120.071 -29.6701 10.2325 
4.01111 162.556 -8.04342 120.077 -29.5045 10.1031 
4.22226 162.528 -8.14094 119.829 -29.7347 9.76946 
4.41814 162.498 -8.28998 119.519 -30.4271 9.18286 
4.62076 162.466 -8.47387 119.295 -31.0568 8.73341 
4.80587 162.439 -8.65233 119.193 -31.2579 8.44897 
4.99141 162.425 -8.85239 119.089 -31.3701 8.13369 
5.19656 162.404 -9.06467 118.875 -31.8544 7.81024 
5.4292 162.381 -9.27374 118.702 -32.4882 7.63716 
5.66483 162.381 -9.43711 118.446 -32.9359 7.29146 
5.91584 162.393 -9.57494 117.818 -33.3201 6.67402 
6.16875 162.378 -9.74233 117.125 -33.8284 6.20261 
6.37891 162.327 -9.9556 116.787 -34.5374 5.90585 
6.54164 162.264 -10.208 116.643 -35.328 5.58961 
6.68526 162.205 -10.46 116.529 -35.8972 5.4404 
6.82012 162.148 -10.6943 116.292 -36.3198 5.2731 
6.94362 162.083 -10.9165 115.871 -36.825 4.88273 
7.06554 162.016 -11.1351 115.466 -37.2375 4.58922 
7.17805 161.951 -11.351 115.115 -37.4677 4.39519 
7.26998 161.876 -11.5608 114.708 -37.7487 4.05922 
7.33463 161.783 -11.7682 114.264 -38.2242 3.63301 
7.36682 161.672 -11.9825 113.832 -38.8061 3.22102 
7.37276 161.552 -12.198 113.426 -39.4702 2.88066 
7.31295 161.423 -12.4161 113.122 -40.1398 2.6041 
7.18991 161.288 -12.6115 112.9 -40.7281 2.3685 
7.0381 161.155 -12.7662 112.699 -41.3477 2.13274 
6.85607 161.034 -12.8848 112.48 -41.8632 1.82546 
6.6194 160.921 -13.0223 112.354 -42.0172 1.54565 
6.34883 160.812 -13.1979 112.435 -42.1135 1.45301 
6.06456 160.69 -13.4162 112.623 -42.4521 1.60578 
5.75283 160.548 -13.6443 112.756 -42.8894 1.84904 
5.41024 160.393 -13.8678 112.953 -43.2618 2.13071 
5.05459 160.235 -14.0869 113.317 -43.5164 2.52007 
4.68842 160.074 -14.2868 113.715 -43.7771 2.93728 
4.32636 159.911 -14.4678 113.935 -44.3462 3.28336 
3.97239 159.753 -14.6222 114.105 -45.1465 3.65286 
3.61869 159.606 -14.7342 114.369 -45.8593 4.03777 
3.27236 159.475 -14.7842 114.514 -46.5807 4.25673 
2.95977 159.35 -14.7997 114.399 -47.3046 4.41296 
2.68959 159.21 -14.797 114.16 -47.8832 4.61813 
2.44866 159.037 -14.756 113.999 -48.711 4.83881 
2.25908 158.864 -14.7098 113.779 -49.9288 5.16856 
2.1309 158.725 -14.6703 113.255 -51.0082 5.4593 
2.0425 158.608 -14.5959 112.513 -51.966 5.5818 
2.00215 158.5 -14.4949 111.748 -53.1344 5.7846 
2.0126 158.416 -14.396 111.085 -54.3745 6.14774 
2.04189 158.36 -14.3136 110.545 -55.7646 6.58509 
2.05345 158.31 -14.2773 109.977 -57.4517 7.08456 
2.06078 158.276 -14.2461 109.251 -59.3111 7.50551 
2.04597 158.255 -14.2199 108.613 -61.1062 7.83688 
2.00353 158.239 -14.1874 108.03 -62.504 8.0071 
1.93653 158.215 -14.1415 107.588 -63.3585 8.1239 
1.86236 158.181 -14.0838 107.319 -63.8961 8.26671 
1.80941 158.14 -14.032 107.275 -64.4068 8.63589 
1.78498 158.093 -14.0104 107.421 -64.8635 9.33401 
1.78023 158.034 -14.0014 107.446 -65.205 10.0177 
1.78604 157.952 -13.9884 107.23 -65.5841 10.5115 
1.79284 157.854 -13.9592 107.081 -65.7339 10.9488 
1.78967 157.746 -13.9067 107.351 -65.1264 11.5335 
1.79426 157.636 -13.8089 107.61 -63.8336 12.0164 
1.81755 157.533 -13.6819 107.567 -62.3038 12.2413 
1.85944 157.436 -13.5584 107.505 -60.7973 12.3283 
1.90017 157.342 -13.4544 107.597 -59.2908 12.387 
1.90775 157.242 -13.3728 107.806 -57.6355 12.4631 
1.9057 157.142 -13.2674 107.94 -56.0291 12.4456 
1.94006 157.062 -13.1289 108.049 -54.9299 12.2798 
1.96001 156.996 -12.978 108.229 -53.9371 11.9325 
1.9335 156.935 -12.8155 108.5 -52.4127 11.5461 
1.88555 156.883 -12.6588 108.824 -50.5733 11.3713 
1.87041 156.843 -12.5144 109.03 -49.1006 11.2371 
1.8897 156.81 -12.3654 109.224 -48.1334 10.9989 
1.89468 156.771 -12.2402 109.543 -46.9547 10.7816 
1.87782 156.743 -12.1181 109.676 -45.0255 10.4596 
1.85296 156.724 -12.0243 109.712 -42.8484 10.0216 
1.83705 156.702 -11.9691 109.971 -40.969 9.64547 
1.83412 156.682 -11.9421 110.44 -39.3233 9.3958 
1.84637 156.651 -11.9282 110.964 -37.8423 9.2998 
1.88959 156.634 -11.9349 111.196 -36.6988 9.1574 
1.96352 156.642 -11.9615 111.168 -35.8451 8.89193 
2.04281 156.653 -11.9884 111.245 -34.9751 8.69443 
2.11824 156.665 -12.0176 111.482 -34.0031 8.72779 
2.20161 156.681 -12.0494 111.685 -33.2541 8.80804 
2.28392 156.696 -12.0797 111.789 -32.7344 8.5795 
2.34724 156.717 -12.0793 112.017 -31.9464 8.21994 
2.38255 156.733 -12.051 112.52 -30.7128 8.08618 
2.40484 156.725 -12.0405 112.981 -29.5993 8.03798 
2.45001 156.704 -12.0796 113.191 -29.1569 7.91232 
2.50754 156.69 -12.1341 113.334 -29.0745 7.65582 
2.54625 156.684 -12.1525 113.605 -28.7069 7.23876 
2.58845 156.687 -12.1569 113.877 -28.2575 6.77068 
2.67904 156.699 -12.1881 113.921 -28.3501 6.44846 
2.79121 156.715 -12.2318 113.745 -29.0304 6.15224 
2.92355 156.732 -12.2578 113.383 -29.9734 5.61306 
3.03352 156.745 -12.2563 112.94 -30.7863 4.82772 
3.13629 156.755 -12.2378 112.665 -31.1928 4.38131 
3.18426 156.745 -12.2105 112.727 -31.5012 4.23489 
3.20055 156.717 -12.1889 112.74 -32.1875 4.03552 
3.2029 156.685 -12.1449 112.509 -33.1562 3.74413 
3.18562 156.653 -12.0764 112.228 -34.1231 3.48711 
3.16362 156.634 -11.9897 112.029 -35.0759 3.37501 
3.1482 156.632 -11.8979 111.808 -36.0257 3.39138 
3.13424 156.629 -11.8212 111.557 -36.9379 3.44371 
3.11298 156.63 -11.7564 111.318 -37.7658 3.46648 
3.09932 156.627 -11.6943 111.009 -38.5004 3.54299 
3.09325 156.616 -11.6328 110.666 -39.3354 3.71437 
3.0877 156.596 -11.5628 110.434 -40.2892 3.84884 
3.07485 156.571 -11.4853 110.266 -41.0498 3.82631 
3.06678 156.545 -11.4088 110.034 -41.6145 3.68479 
3.07781 156.521 -11.3409 109.636 -42.2985 3.49312 
3.11078 156.507 -11.3072 109.094 -43.123 3.31686 
3.15174 156.496 -11.2925 108.657 -43.758 3.2572 
3.2031 156.476 -11.2674 108.446 -44.0598 3.33325 
3.25252 156.454 -11.2475 108.317 -44.1591 3.48914 
3.28865 156.439 -11.2404 108.26 -44.1607 3.67178 
3.30129 156.42 -11.2582 108.33 -44.0832 3.85638 
3.29731 156.397 -11.2659 108.487 -43.9142 4.03595 
3.2773 156.38 -11.2728 108.671 -43.7202 4.17603 
3.25086 156.377 -11.2673 108.747 -43.6328 4.21053 
3.22019 156.369 -11.2662 108.808 -43.6378 4.23155 
3.20993 156.375 -11.255 108.92 -43.6024 4.28059 
3.21852 156.379 -11.2392 109.018 -43.4587 4.31699 
3.23889 156.378 -11.1942 108.967 -43.3345 4.24111 
3.26697 156.372 -11.1633 108.882 -43.3509 4.15536 
3.29598 156.36 -11.1546 108.865 -43.4976 4.18908 
3.32493 156.344 -11.1277 108.915 -43.5712 4.26379 
3.35662 156.327 -11.0858 108.923 -43.4903 4.22807 
3.36557 156.304 -11.0414 108.866 -43.4732 4.10049 
3.36658 156.28 -11.0154 108.837 -43.5433 3.98732 
3.37901 156.262 -10.9883 108.826 -43.5533 3.90355 
3.41115 156.252 -10.9589 108.782 -43.548 3.8598 
3.44509 156.246 -10.943 108.73 -43.5618 3.85962 
3.47768 156.242 -10.9545 108.814 -43.5714 3.98299 
3.4992 156.233 -10.9638 108.967 -43.569 4.15146 
3.53633 156.231 -10.9323 108.968 -43.5762 4.11849 
3.58377 156.227 -10.8623 108.913 -43.5428 3.98705 
3.62066 156.22 -10.8197 108.874 -43.5732 3.87377 
3.64978 156.214 -10.8001 108.783 -43.6191 3.74054 
3.68796 156.212 -10.7805 108.714 -43.5643 3.65963 
3.75281 156.21 -10.7384 108.688 -43.5466 3.64817 
3.81405 156.202 -10.7159 108.728 -43.6201 3.6751 
3.86927 156.205 -10.7068 108.871 -43.6534 3.78494 
3.9093 156.193 -10.7024 108.979 -43.6331 3.8685 
3.94684 156.177 -10.6968 108.96 -43.5405 3.84743 
3.9684 156.165 -10.6955 109.006 -43.4625 3.8379 
3.98349 156.142 -10.7003 109.127 -43.4945 3.87011 
4.01786 156.127 -10.6769 109.128 -43.6008 3.85754 
4.07286 156.116 -10.6189 109.112 -43.6192 3.82242 
4.14154 156.111 -10.5662 109.13 -43.55 3.78984 
4.2043 156.101 -10.53 109.038 -43.5302 3.70335 
4.26348 156.085 -10.5218 108.877 -43.6248 3.58807 
4.34105 156.075 -10.5227 108.811 -43.7607 3.5519 
4.43791 156.074 -10.5185 108.763 -43.8487 3.51938 
4.5316 156.08 -10.5058 108.582 -43.8285 3.40516 
4.64812 156.094 -10.4983 108.386 -43.817 3.33287 
4.73485 156.114 -10.5057 108.408 -43.8538 3.37958 
4.79277 156.111 -10.5284 108.533 -43.8585 3.46251 
4.84093 156.109 -10.5491 108.515 -43.8685 3.54066 
4.8866 156.119 -10.5497 108.424 -43.9233 3.57164 
4.92038 156.128 -10.5391 108.386 -43.9676 3.4964 
4.95762 156.142 -10.5312 108.328 -43.9536 3.3082 
5.00178 156.167 -10.5225 108.191 -43.9898 3.09114 
5.01994 156.168 -10.514 108.169 -44.111 2.98443 
4.99934 156.161 -10.5141 108.343 -44.2008 3.02859 
4.97288 156.157 -10.5178 108.492 -44.2947 3.08808 
4.96075 156.159 -10.5082 108.516 -44.4133 3.0683 
4.96174 156.162 -10.4958 108.503 -44.4361 3.01145 
4.97342 156.172 -10.4951 108.484 -44.3509 2.98458 
4.99377 156.18 -10.5133 108.484 -44.3536 3.01171 
5.0104 156.183 -10.5281 108.489 -44.4621 3.02 
5.02125 156.174 -10.5309 108.486 -44.4692 2.99459 
5.03685 156.163 -10.5359 108.558 -44.428 3.04414 
5.06472 156.157 -10.5289 108.603 -44.4324 3.08897 
5.09623 156.146 -10.5016 108.577 -44.5045 3.04952 
5.12404 156.132 -10.4672 108.587 -44.5417 2.99473 
5.14578 156.118 -10.4541 108.627 -44.5496 2.96221 
5.18359 156.112 -10.4346 108.59 -44.6182 2.92802 
5.24531 156.113 -10.4154 108.421 -44.744 2.86597 
5.30933 156.124 -10.4097 108.27 -44.7993 2.85987 
5.34642 156.12 -10.4275 108.352 -44.7096 2.98076 
5.3603 156.101 -10.4503 108.549 -44.6554 3.10788 
5.36928 156.089 -10.4525 108.651 -44.7482 3.17811 
5.37399 156.078 -10.4358 108.656 -44.7998 3.17354 
5.38215 156.083 -10.3992 108.698 -44.7016 3.17757 
5.39453 156.088 -10.3636 108.806 -44.6658 3.23407 
5.40677 156.084 -10.34 108.811 -44.7491 3.2112 
5.41511 156.077 -10.3218 108.753 -44.7697 3.1281 
5.43662 156.068 -10.316 108.814 -44.7726 3.15863 
5.4788 156.062 -10.3186 108.97 -44.8739 3.35348 
5.53578 156.065 -10.3162 109.077 -44.9817 3.52986 
5.59622 156.06 -10.3041 108.971 -44.9048 3.51107 
5.65372 156.046 -10.2933 108.804 -44.808 3.43347 
5.71658 156.025 -10.2675 108.69 -44.8326 3.36287 
5.79182 156.002 -10.2116 108.638 -44.8887 3.29293 
5.87637 155.978 -10.1423 108.644 -44.9403 3.28576 
5.96173 155.95 -10.0771 108.611 -45.002 3.3029 
6.05678 155.924 -10.0166 108.483 -45.0625 3.25248 
6.15456 155.909 -9.94972 108.331 -45.0312 3.18774 
6.22716 155.891 -9.88564 108.324 -44.9751 3.21761 
6.29298 155.874 -9.8097 108.331 -45.0331 3.24179 
6.35741 155.858 -9.72236 108.323 -45.1231 3.23174 
6.39385 155.832 -9.65456 108.378 -45.1069 3.21963 
6.43431 155.802 -9.57483 108.482 -45.0778 3.25368 
6.51651 155.779 -9.45209 108.488 -45.1692 3.26095 
6.61383 155.763 -9.32082 108.323 -45.2698 3.14236 
6.70142 155.752 -9.21688 108.257 -45.3003 3.10602 
6.78132 155.751 -9.11794 108.217 -45.3266 3.0746 
6.84583 155.754 -9.00288 108.126 -45.3971 2.98757 
6.90895 155.764 -8.86753 108.012 -45.4878 2.83115 
6.97164 155.776 -8.73621 107.942 -45.554 2.68622 
7.03859 155.81 -8.6125 107.926 -45.6442 2.58429 
7.13297 155.853 -8.49314 107.901 -45.7992 2.51612 
7.23064 155.89 -8.36739 107.871 -45.9197 2.50339 
7.33509 155.915 -8.2406 107.812 -45.9788 2.46781 
7.44611 155.925 -8.12298 107.75 -45.9968 2.44203 
7.57277 155.919 -8.0104 107.677 -46.0435 2.45767 
7.71008 155.896 -7.88709 107.545 -46.1117 2.44216 
7.858 155.859 -7.76355 107.307 -46.0629 2.35517 
8.01936 155.809 -7.65035 107.003 -45.9593 2.19906 
8.18407 155.742 -7.54845 106.821 -45.9571 2.0858 
8.3478 155.663 -7.45296 106.697 -45.9712 1.97949 
8.51242 155.585 -7.34161 106.49 -45.9233 1.80816 
8.66531 155.555 -7.23907 106.287 -45.9349 1.69205 
8.8073 155.677 -7.12725 105.906 -46.1457 1.48246 
8.93154 156.01 -7.01884 105.246 -46.6717 1.0406 
9.0236 156.517 -6.93198 104.777 -47.3876 0.665328 
9.09777 157.132 -6.83751 104.863 -47.8046 0.681545 
9.20357 157.83 -6.73458 105.262 -47.8802 1.07439 
9.35583 158.565 -6.65829 105.734 -48.1288 1.84586 
9.54647 159.217 -6.58575 106.281 -48.6863 2.99545 
9.75686 159.667 -6.44498 106.993 -49.1758 4.44006 
9.9869 159.923 -6.25662 107.637 -49.4901 5.86491 
10.2348 160.04 -6.11027 108.232 -50.0046 7.21621 
10.4936 160.028 -6.00702 109.199 -50.9862 8.74091 
10.7714 159.904 -5.85405 110.462 -52.0861 10.4508 
11.1046 159.728 -5.58049 111.19 -52.9641 11.969 
11.5264 159.549 -5.21304 110.845 -54.1672 12.9833 
12.0373 159.36 -4.82852 110.082 -56.2105 13.8574 
12.6031 159.122 -4.43509 109.389 -58.3625 14.7276 
13.2047 158.806 -3.98425 108.37 -59.9007 15.2965 
13.8468 158.406 -3.48442 106.539 -61.4774 15.2787 
14.5014 157.939 -3.02631 104.128 -63.8892 14.6869 
15.1551 157.431 -2.61818 101.547 -66.6398 13.9447 
15.7759 156.879 -2.23038 99.1762 -68.8359 13.58 
16.3028 156.289 -1.80752 97.1067 -70.1569 13.3406 
16.7013 155.703 -1.33067 94.8097 -70.9459 12.1986 
17.0036 155.166 -0.835233 91.5318 -71.636 9.64278 
17.2241 154.678 -0.362721 86.5281 -72.6761 5.60295 
17.3084 154.228 0.0896093 79.7437 -74.0411 -0.0638925 
17.2119 153.841 0.501636 72.3752 -75.1948 -6.7869 
16.971 153.571 0.833564 65.2999 -76.0872 -13.6875 
16.6407 153.452 1.07148 57.0889 -77.2441 -21.6497 
16.2161 153.486 1.25802 45.868 -78.2734 -32.8349 
15.6595 153.602 1.38357 35.7311 -78.0591 -43.4389 
15.0019 153.699 1.39989 31.804 -77.1527 -47.7932 
14.276 153.753 1.27983 32.1444 -76.7805 -47.4509 
13.509 153.81 1.04732 32.8275 -76.9288 -46.594 
12.7202 153.902 0.796315 31.6003 -76.9608 -47.6945 
11.9091 153.989 0.583566 28.9089 -77.0922 -49.9652 
11.0987 154.078 0.438588 24.4165 -77.5764 -53.7341 
10.2832 154.209 0.372576 19.1971 -77.8819 -58.4376 
9.4697 154.338 0.329322 16.1535 -77.8031 -61.1998 
8.654 154.385 0.224559 15.2608 -77.7087 -61.8344 
7.82739 154.329 0.0808265 15.0976 -77.6328 -61.7505 
7.01123 154.197 -0.0660311 16.0622 -77.467 -60.4875 
6.22751 154.029 -0.2392 17.5582 -77.4547 -58.6339 
5.4809 153.844 -0.432233 18.6205 -77.7902 -57.3637 
4.74028 153.685 -0.652319 20.2544 -78.2791 -55.7705 
3.97574 153.601 -0.896034 23.3009 -78.6891 -52.7343 
3.16475 153.57 -1.14435 26.1605 -79.1955 -49.8088 
2.33997 153.544 -1.35034 26.6448 -79.8657 -49.6273 
1.53959 153.505 -1.51834 25.7166 -80.5094 -51.5049 
0.763749 153.462 -1.69147 27.2087 -80.9395 -51.0772 
0.0449881 153.382 -1.84678 31.0852 -81.1298 -47.6433 
-0.577279 153.236 -1.90281 32.9796 -81.4018 -45.7183 
-1.11663 153.018 -1.84441 30.4937 -81.7838 -48.4031 
-1.57674 152.74 -1.68925 26.2019 -82.1202 -53.3251 
-1.96243 152.405 -1.50561 23.2301 -82.4086 -56.9301 
-2.25738 152.03 -1.27968 20.2487 -82.5548 -60.2511 
-2.45447 151.626 -0.999031 15.5989 -82.4363 -65.1415 
-2.57002 151.208 -0.686227 11.0428 -82.133 -70.1497 
-2.61739 150.804 -0.379412 9.99313 -81.8802 -71.7892 
-2.58104 150.443 -0.103277 12.4749 -81.5513 -69.7156 
-2.46816 150.153 0.119319 14.7572 -80.8091 -67.6925 
-2.2973 149.946 0.229534 14.3645 -79.991 -68.3199 
-2.08258 149.843 0.2063 12.1474 -79.7454 -70.6811 
-1.83807 149.874 0.0704275 11.9571 -80.0363 -70.974 
-1.57627 150.035 -0.13006 18.0876 -80.4715 -64.8564 
-1.30383 150.335 -0.356371 28.7985 -80.8871 -54.0458 
-1.00318 150.799 -0.610099 38.769 -81.2697 -44.2555 
-0.674755 151.389 -0.889477 46.3938 -81.6272 -37.3057 
-0.348904 152.025 -1.18084 50.9836 -82.075 -33.5777 
-0.0281206 152.628 -1.50077 51.3878 -83.0326 -34.3739 
0.255179 153.147 -1.8328 53.0776 -84.5865 -34.5301 
0.464326 153.558 -2.12252 68.3211 -85.8052 -21.138 
0.634869 153.847 -2.32936 87.3941 -85.5027 -3.21034 
0.833455 154.005 -2.38869 90.1206 -84.6618 -0.857452 
1.09884 154.051 -2.29912 82.6497 -84.2154 -8.51018 
1.44009 154.022 -2.11163 70.0878 -84.0295 -21.2811 
1.84266 153.93 -1.83418 54.7777 -83.9222 -36.7257 
2.27903 153.797 -1.42922 36.9227 -83.6534 -54.7929 
2.70068 153.637 -0.868392 22.2027 -82.5983 -69.8724 
3.08133 153.43 -0.19129 14.475 -80.6786 -77.7504 
3.44148 153.177 0.512321 10.2553 -78.1276 -81.623 
3.44148 153.177 0.512321 10.2553 -78.1276 -81.623 
