-0.0380345 151.78 -1.20119 -75.7842 -80.6938 -175.902 
0.238961 151.134 -0.935251 -75.9182 -79.4243 -176.029 
0.479761 150.455 -0.651399 -75.0612 -78.1044 -174.881 
0.65683 149.75 -0.34285 -73.5584 -76.7874 -172.783 
0.754372 149.07 -0.0200906 -71.9911 -75.6295 -170.534 
0.766677 148.492 0.29927 -70.4658 -74.6813 -168.408 
0.698876 148.067 0.599615 -68.8927 -73.8697 -166.297 
0.569268 147.787 0.869171 -67.4765 -73.0919 -164.337 
0.403794 147.596 1.0967 -66.5372 -72.3657 -162.878 
0.218963 147.44 1.27027 -66.1348 -71.8077 -162.099 
0.0128963 147.291 1.39782 -66.0634 -71.4972 -161.874 
-0.202214 147.147 1.48743 -66.1851 -71.3622 -161.963 
-0.440137 147.021 1.53255 -66.4456 -71.2198 -162.233 
-0.659022 146.923 1.5514 -66.7859 -70.9402 -162.454 
-0.853104 146.852 1.56837 -67.1273 -70.5648 -162.542 
-1.0243 146.793 1.58841 -67.4464 -70.2055 -162.516 
-1.17517 146.736 1.60795 -67.7097 -69.911 -162.407 
-1.30271 146.683 1.61659 -68.0101 -69.6166 -162.347 
-1.40978 146.647 1.60705 -68.488 -69.2407 -162.464 
-1.51232 146.641 1.56845 -69.116 -68.7774 -162.703 
-1.62899 146.662 1.49975 -69.6572 -68.3245 -162.864 
-1.763 146.717 1.40847 -69.9199 -68.0288 -162.87 
-1.89311 146.829 1.30044 -69.9287 -68.0146 -162.891 
-1.9685 147.045 1.15908 -69.9339 -68.3311 -163.261 
-1.94062 147.412 0.946291 -70.2628 -68.9712 -164.356 
-1.7701 147.95 0.629151 -71.1545 -69.9454 -166.389 
-1.44653 148.633 0.195775 -72.6395 -71.2383 -169.268 
-0.987552 149.407 -0.335494 -74.6152 -72.6324 -172.729 
-0.419696 150.203 -0.919448 -76.7647 -73.7406 -176.359 
0.222273 150.944 -1.48627 -78.6343 -74.2965 -179.682 
0.886611 151.563 -1.97096 -79.9599 -74.3199 177.643 
1.50769 152.013 -2.33342 -80.7055 -73.9817 175.8 
2.03808 152.296 -2.5805 -80.8796 -73.3621 174.855 
2.46568 152.439 -2.74105 -80.5611 -72.4822 174.685 
2.80767 152.474 -2.83959 -80.0344 -71.4999 174.947 
3.08483 152.429 -2.8728 -79.5628 -70.6648 175.358 
3.31622 152.327 -2.83863 -79.1864 -70.0817 175.917 
3.5001 152.198 -2.76754 -78.9545 -69.6391 176.548 
3.62648 152.068 -2.64116 -78.5824 -69.1477 177.429 
3.71398 151.937 -2.47406 -78.0838 -68.5857 178.415 
3.78834 151.793 -2.28652 -77.5939 -68.0555 179.299 
3.84134 151.632 -2.08021 -77.2105 -67.6406 179.993 
3.84698 151.466 -1.89368 -77.123 -67.3554 -179.657 
3.81718 151.315 -1.7127 -77.269 -67.0716 -179.479 
3.77309 151.194 -1.52395 -77.4664 -66.6271 -179.254 
3.71827 151.109 -1.3306 -77.6575 -65.9856 -178.954 
3.63386 151.051 -1.12204 -78.0303 -65.2431 -178.728 
3.46803 150.982 -0.893492 -78.955 -64.5248 -178.783 
3.1386 150.837 -0.613883 -80.4891 -63.8316 -178.968 
2.5669 150.55 -0.281048 -82.3409 -63.1056 -178.889 
1.7323 150.108 0.0694575 -84.0783 -62.4247 -178.254 
0.696102 149.547 0.381466 -85.4109 -62.0687 -177.145 
-0.429659 148.923 0.623225 -86.1711 -62.3551 -175.877 
-1.53741 148.276 0.803345 -86.3093 -63.3546 -174.671 
-2.55559 147.659 0.94539 -85.8914 -64.847 -173.417 
-3.48833 147.111 1.05809 -84.9543 -66.5014 -171.811 
-4.34616 146.633 1.15915 -83.4777 -68.1691 -169.607 
-5.13319 146.204 1.26459 -81.453 -69.8924 -166.833 
-5.83507 145.817 1.36512 -79.0679 -71.6321 -163.8 
-6.443 145.489 1.43451 -76.7357 -73.2149 -161.026 
-6.93119 145.232 1.46743 -74.9156 -74.5166 -158.99 
-7.29906 145.041 1.49176 -73.7171 -75.6669 -157.771 
-7.59359 144.899 1.50643 -73.1182 -76.9554 -157.281 
-7.84485 144.792 1.48616 -73.1696 -78.5778 -157.471 
-8.06561 144.701 1.43596 -73.634 -80.4803 -158.126 
-8.23579 144.607 1.36229 -74.0629 -82.4216 -158.86 
-8.33076 144.5 1.26774 -74.2334 -84.1795 -159.417 
-8.3446 144.388 1.15521 -74.6232 -85.7211 -160.137 
-8.29228 144.288 1.04241 -75.8479 -87.2032 -161.483 
-8.19669 144.227 0.952968 -78.0705 -88.7744 -163.538 
-8.06696 144.223 0.886674 105.341 -89.5285 20.3243 
-7.90195 144.275 0.83649 101.406 -87.7539 16.9707 
-7.6828 144.355 0.801443 99.5634 -85.953 15.6248 
-7.39407 144.43 0.792496 97.0988 -84.2506 13.4385 
-7.05479 144.488 0.787968 94.2034 -82.8211 10.6959 
-6.70932 144.54 0.759253 91.6054 -81.6961 8.34353 
-6.41685 144.595 0.69832 90.087 -80.7443 7.22549 
-6.17231 144.637 0.62263 89.8185 -79.7687 7.41009 
-5.95918 144.643 0.579815 90.0413 -78.7172 7.9379 
-5.76436 144.613 0.581882 90.3092 -77.6653 8.28901 
-5.58653 144.572 0.631699 90.2601 -76.6387 8.13915 
-5.41588 144.555 0.704859 90.0295 -75.5756 7.68041 
-5.23303 144.567 0.790755 89.8055 -74.484 7.13393 
-5.03103 144.595 0.859359 90.0519 -73.4489 6.98809 
-4.81226 144.619 0.907232 90.9846 -72.5053 7.46708 
-4.5747 144.632 0.939098 92.5618 -71.6186 8.51561 
-4.30704 144.637 0.968557 94.4304 -70.7663 9.76104 
-4.00186 144.635 1.00132 96.2163 -69.9585 10.8387 
-3.65852 144.63 1.03015 97.6675 -69.1833 11.5519 
-3.2746 144.63 1.04227 98.6852 -68.417 11.8773 
-2.84564 144.645 1.01012 99.4107 -67.6681 11.999 
-2.35889 144.688 0.93732 99.9053 -67.0093 11.9705 
-1.83528 144.759 0.833138 100.401 -66.434 11.897 
-1.27124 144.853 0.701779 100.998 -65.8618 11.8654 
-0.674659 144.955 0.535677 101.696 -65.295 11.8824 
-0.0731205 145.052 0.323745 102.421 -64.856 11.829 
0.538888 145.145 0.0592223 103.058 -64.6389 11.5904 
1.1676 145.242 -0.249775 103.588 -64.6019 11.1397 
1.82102 145.35 -0.582876 104.106 -64.5884 10.5991 
2.50499 145.471 -0.929051 104.67 -64.5023 10.1106 
3.21828 145.603 -1.29606 105.06 -64.4019 9.54829 
3.95872 145.742 -1.71563 104.82 -64.427 8.46053 
4.70754 145.885 -2.18564 103.608 -64.6375 6.37958 
5.46718 146.03 -2.72637 101.74 -64.8742 3.57511 
6.21743 146.177 -3.30704 100 -64.9643 0.798324 
6.94165 146.326 -3.90917 99.0219 -64.9026 -1.29407 
7.64322 146.478 -4.54197 98.8152 -64.847 -2.61872 
8.31567 146.637 -5.22137 99.0452 -64.9582 -3.5389 
8.94232 146.81 -5.9449 99.5205 -65.2126 -4.3262 
9.51733 147 -6.69824 100.269 -65.4819 -4.93945 
10.0327 147.205 -7.47342 101.265 -65.725 -5.29282 
10.4983 147.424 -8.28053 102.255 -66.066 -5.51628 
10.9365 147.643 -9.14295 103.022 -66.658 -5.79121 
11.3661 147.847 -10.06 103.644 -67.4841 -6.08994 
11.7902 148.03 -11.001 104.375 -68.3419 -6.2 
12.2089 148.195 -11.9209 105.309 -68.9935 -6.02029 
12.6249 148.354 -12.8001 106.235 -69.3516 -5.75582 
13.0529 148.518 -13.64 106.814 -69.5131 -5.75569 
13.4942 148.689 -14.4635 106.967 -69.6344 -6.11915 
13.9371 148.859 -15.2863 106.891 -69.8066 -6.62833 
14.3654 149.015 -16.1145 106.936 -70.0108 -6.88777 
14.7805 149.138 -16.9363 107.415 -70.2141 -6.57549 
15.1802 149.216 -17.7391 108.536 -70.3447 -5.54378 
15.5605 149.247 -18.5107 110.227 -70.336 -3.91196 
15.9596 149.233 -19.2474 112.186 -70.2107 -1.83062 
16.3683 149.192 -19.9479 114.088 -70.0878 0.43026 
16.7765 149.134 -20.6178 115.825 -70.0369 2.76556 
17.1596 149.063 -21.2483 117.549 -70.0173 5.26011 
17.491 148.981 -21.816 119.314 -69.9219 7.89458 
17.7764 148.896 -22.2876 120.863 -69.7731 10.3658 
18.0172 148.809 -22.6945 122.151 -69.5964 12.5227 
18.2462 148.721 -23.0417 123.104 -69.4748 14.2698 
18.4919 148.628 -23.3283 123.786 -69.4357 15.7312 
18.747 148.517 -23.5647 124.369 -69.4418 17.1646 
18.999 148.381 -23.7546 124.927 -69.4589 18.7178 
19.2253 148.22 -23.8966 125.469 -69.4047 20.4139 
19.4081 148.039 -23.9765 125.908 -69.1932 22.1496 
19.5473 147.847 -23.9784 126.101 -68.881 23.7792 
19.6522 147.651 -23.8957 125.988 -68.6521 25.252 
19.7294 147.466 -23.727 125.593 -68.623 26.5843 
19.7693 147.299 -23.4692 124.921 -68.7028 27.7254 
19.7582 147.154 -23.1116 123.91 -68.7517 28.5608 
19.6795 147.035 -22.6285 122.516 -68.7649 29.067 
19.5082 146.947 -21.9839 120.788 -68.8574 29.3787 
19.2121 146.897 -21.1405 118.798 -69.1405 29.63 
18.7589 146.89 -20.0755 116.602 -69.7198 29.7609 
18.1324 146.928 -18.7799 114.269 -70.6436 29.5139 
17.3209 147.014 -17.2484 111.633 -71.6628 28.4572 
16.288 147.154 -15.472 108.388 -72.3044 26.2638 
14.9903 147.331 -13.4668 104.269 -72.3722 22.8062 
13.441 147.526 -11.3136 99.1754 -72.2954 17.981 
11.7434 147.753 -9.17093 92.7386 -72.6526 11.2124 
10.0644 148.062 -7.22549 84.5913 -73.2492 2.00561 
8.57717 148.467 -5.62641 75.7844 -73.3161 -8.40309 
7.45314 148.933 -4.46745 68.6145 -72.6148 -17.3277 
6.81239 149.435 -3.80036 63.8576 -71.7435 -23.7526 
6.68827 149.945 -3.63224 61.1541 -71.1616 -28.1494 
7.02516 150.437 -3.94468 61.0959 -70.6428 -30.2037 
7.69504 150.898 -4.69403 64.4234 -69.7806 -29.2382 
8.53365 151.354 -5.80786 70.0678 -68.5305 -26.0821 
9.3849 151.851 -7.18537 75.2874 -67.3237 -23.1505 
10.1829 152.406 -8.71551 77.7788 -66.6644 -22.5808 
10.9539 153.004 -10.2717 77.0878 -66.6688 -24.8302 
11.7294 153.619 -11.7103 74.5135 -67.0713 -28.623 
12.4874 154.236 -12.9098 71.6063 -67.6291 -32.3122 
13.1727 154.838 -13.8511 68.8885 -68.2628 -35.2714 
13.7554 155.394 -14.5853 66.2417 -68.9388 -37.6744 
14.2186 155.873 -15.1521 63.8287 -69.6082 -39.5924 
14.568 156.267 -15.5796 62.1224 -70.3002 -40.7156 
14.8106 156.579 -15.8762 61.2725 -70.9747 -41.0415 
14.9893 156.801 -16.0683 60.9784 -71.5196 -40.9743 
15.1303 156.923 -16.1895 60.8933 -71.9232 -40.903 
15.2504 156.965 -16.2551 60.9492 -72.3247 -40.7658 
15.3257 156.967 -16.2886 61.3056 -72.8543 -40.2347 
15.353 156.95 -16.2841 61.9418 -73.5027 -39.275 
15.3562 156.92 -16.227 62.6099 -74.1693 -38.2189 
15.3596 156.868 -16.1077 63.0867 -74.7742 -37.4003 
15.3553 156.803 -15.9513 63.4356 -75.3221 -36.8185 
15.3181 156.743 -15.7963 63.8432 -75.8579 -36.2907 
15.2514 156.694 -15.6392 64.2404 -76.3777 -35.8223 
15.1514 156.652 -15.4746 64.8448 -76.8515 -35.1965 
15.0345 156.608 -15.2887 65.5679 -77.2703 -34.4989 
14.9252 156.551 -15.0838 65.9828 -77.6853 -34.135 
14.8463 156.463 -14.8751 65.8808 -78.1525 -34.2608 
14.8176 156.332 -14.6279 65.4252 -78.6854 -34.6164 
14.8307 156.152 -14.3011 65.6666 -79.34 -34.0033 
14.8435 155.92 -13.7783 67.2996 -80.1798 -31.5812 
14.7658 155.606 -12.9316 71.0934 -81.3305 -26.5609 
14.5263 155.14 -11.6426 77.3454 -82.907 -18.7624 
14.0651 154.441 -9.94798 87.6142 -84.8709 -6.90099 
13.3915 153.499 -8.02977 105.749 -86.8095 12.6522 
12.574 152.412 -6.09822 137.898 -88.0574 46.0504 
11.6976 151.346 -4.27535 172.002 -88.451 81.3487 
10.8681 150.487 -2.60094 -168.861 -88.8694 101.608 
10.2021 149.953 -1.1316 -85.559 -89.7383 -174.317 
9.75756 149.766 0.0160325 -2.51942 -88.2468 -91.1418 
9.46577 149.898 0.720233 3.09386 -86.5617 -86.0603 
9.17969 150.31 0.965283 4.32737 -85.6168 -85.7715 
8.81191 150.948 0.853064 3.7386 -85.5625 -87.4542 
8.3897 151.736 0.527945 2.968 -85.9875 -89.357 
7.99604 152.605 0.0966422 3.79208 -86.3956 -89.7349 
7.67749 153.505 -0.40201 5.80668 -86.6047 -89.0324 
7.44999 154.384 -0.965403 6.3857 -86.7197 -89.8083 
7.3285 155.195 -1.59595 3.92036 -86.9265 -93.4727 
7.33887 155.912 -2.272 -1.66158 -87.3004 -99.8618 
7.48762 156.541 -2.9597 -12.1741 -87.791 -110.659 
7.74769 157.096 -3.64304 -32.9784 -88.2065 -131.309 
8.06676 157.577 -4.31992 -64.5684 -88.2293 -162.544 
8.38539 157.974 -4.97718 -92.2127 -87.7825 170.154 
8.65905 158.289 -5.59169 -110.71 -87.1426 151.92 
8.87249 158.536 -6.13463 -122.954 -86.4998 139.909 
9.03183 158.729 -6.58688 -130.403 -85.9381 132.705 
9.13055 158.87 -6.9838 -135.099 -85.4286 128.196 
9.18049 158.968 -7.33581 -138.192 -84.9464 125.18 
9.1944 159.04 -7.64722 -140.548 -84.5151 122.796 
9.19299 159.103 -7.90958 -142.566 -84.1795 120.713 
9.19322 159.157 -8.11935 -144.069 -83.9419 119.168 
9.19323 159.191 -8.30963 -145.089 -83.7018 118.093 
9.19815 159.208 -8.48858 -145.551 -83.4381 117.559 
9.19963 159.214 -8.65466 -145.772 -83.1818 117.26 
9.20311 159.214 -8.79067 -146.019 -82.9797 116.968 
9.20602 159.208 -8.86968 -146.183 -82.8734 116.798 
9.20291 159.19 -8.88872 -146.114 -82.8712 116.851 
9.1995 159.157 -8.86288 -145.676 -82.9518 117.229 
9.2009 159.103 -8.80869 -144.842 -83.05 117.949 
9.20204 159.019 -8.72475 -143.64 -83.0821 119.002 
9.20273 158.882 -8.58237 -142.059 -82.9869 120.467 
9.17254 158.653 -8.33321 -140.24 -82.7716 122.227 
9.06387 158.299 -7.93597 -138.574 -82.5212 123.824 
8.84432 157.819 -7.38287 -137.864 -82.3023 124.361 
8.52499 157.242 -6.71888 -138.746 -82.0624 123.162 
8.1589 156.601 -6.01051 -140.621 -81.65 120.907 
7.84469 155.909 -5.32121 -141.926 -81.0171 119.401 
7.67203 155.183 -4.66262 -141.882 -80.3966 119.67 
7.64651 154.461 -3.97747 -140.807 -80.1437 121.415 
7.74127 153.794 -3.23554 -139.417 -80.4359 123.786 
7.89403 153.192 -2.45635 -137.77 -81.1988 126.406 
8.04615 152.629 -1.70576 -135.531 -82.1685 129.332 
8.15825 152.082 -1.05664 -132.8 -83.0861 132.362 
8.22657 151.553 -0.545046 -129.935 -83.8767 135.236 
8.26877 151.064 -0.184854 -126.667 -84.5972 138.37 
8.31152 150.657 0.028967 -121.715 -85.3334 143.152 
8.37035 150.4 0.0887332 -114.369 -86.0515 150.306 
8.42813 150.355 -0.0158403 -106.391 -86.619 158.041 
8.45452 150.529 -0.269982 -102.273 -86.9735 161.875 
8.42913 150.862 -0.615163 -104.107 -87.1837 159.754 
8.38068 151.276 -0.98354 -109.602 -87.3525 154.05 
8.34349 151.714 -1.32093 -114.646 -87.5947 148.874 
8.3512 152.155 -1.61167 -116.504 -87.9332 146.912 
8.38841 152.598 -1.85822 -111.969 -88.2654 151.284 
8.42463 153.046 -2.11085 -103.239 -88.4434 159.785 
8.45709 153.5 -2.36272 -93.0186 -88.4814 169.798 
8.48738 153.956 -2.62019 -83.9439 -88.4764 178.694 
8.52335 154.406 -2.86603 -74.0106 -88.483 -171.578 
8.56283 154.843 -3.09524 -62.7116 -88.4378 -160.559 
8.589 155.268 -3.32017 -52.8327 -88.2593 -151.024 
8.58734 155.683 -3.56116 -47.058 -87.9624 -145.602 
8.57374 156.093 -3.8346 -45.1065 -87.6523 -143.933 
8.55682 156.501 -4.12698 -44.9285 -87.3793 -143.983 
8.55858 156.905 -4.4254 -45.3952 -87.131 -144.637 
8.59933 157.298 -4.73554 -46.3986 -86.9083 -145.763 
8.66199 157.665 -5.06694 -48.9518 -86.7342 -148.381 
8.71511 157.993 -5.42751 -54.5881 -86.659 -154.043 
8.73434 158.275 -5.81084 -64.3423 -86.6786 -163.8 
8.70322 158.508 -6.20646 -78.0732 -86.702 -177.53 
8.64241 158.7 -6.56418 -92.1719 -86.5841 168.407 
8.56556 158.848 -6.88412 -103.681 -86.3036 156.964 
8.49137 158.955 -7.17035 -111.74 -85.9245 148.999 
8.43721 159.025 -7.42939 -117.714 -85.5098 143.154 
8.40971 159.063 -7.67277 -122.986 -85.069 138.044 
8.40559 159.078 -7.90006 -127.568 -84.5899 133.652 
8.41363 159.074 -8.09986 -130.984 -84.0871 130.426 
8.41746 159.05 -8.25977 -133.349 -83.6023 128.221 
8.40888 159.015 -8.37 -135.035 -83.189 126.637 
8.37736 158.976 -8.44286 -136.306 -82.8762 125.373 
8.33242 158.936 -8.50178 -137.19 -82.6614 124.435 
8.30281 158.894 -8.55172 -137.659 -82.5231 123.932 
8.28437 158.845 -8.58408 -137.85 -82.4163 123.753 
8.26946 158.78 -8.60481 -138.32 -82.2501 123.338 
8.27728 158.69 -8.64268 -139.692 -81.9217 122.1 
8.30915 158.581 -8.67228 -141.634 -81.4449 120.36 
8.37149 158.46 -8.67948 -143.593 -80.8602 118.659 
8.45571 158.334 -8.6784 -145.329 -80.2077 117.201 
8.56751 158.209 -8.64504 -146.322 -79.6335 116.541 
8.6875 158.065 -8.59403 -146.632 -79.1483 116.607 
8.80302 157.877 -8.49442 -146.634 -78.7016 117.01 
8.87825 157.625 -8.33964 -147.464 -78.1668 116.539 
8.87025 157.318 -8.09922 -149.114 -77.4819 115.142 
8.74603 156.982 -7.72993 -150.527 -76.6682 113.878 
8.49621 156.618 -7.20664 -150.779 -75.8075 113.73 
8.17299 156.207 -6.54156 -150.147 -75.0418 114.5 
7.86632 155.732 -5.78053 -149.606 -74.5626 115.237 
7.64874 155.213 -4.96784 -149.651 -74.5761 115.417 
7.53203 154.695 -4.1273 -150.016 -75.2553 115.266 
7.48956 154.231 -3.28187 -149.806 -76.6197 115.624 
7.47951 153.86 -2.49468 -147.778 -78.4271 117.65 
7.45834 153.589 -1.85451 -143.283 -80.2424 121.949 
7.38775 153.392 -1.42745 -137.322 -81.7317 127.573 
7.26057 153.26 -1.22879 -132.348 -82.8418 132.156 
7.10566 153.221 -1.2197 -129.844 -83.6718 134.221 
6.94955 153.308 -1.33484 -128.821 -84.2339 134.693 
6.79573 153.506 -1.51087 -127.394 -84.5686 135.448 
6.6522 153.749 -1.72655 -125.341 -84.836 136.797 
6.53706 153.991 -1.98557 -123.365 -85.1504 138.132 
6.46395 154.232 -2.27774 -121.436 -85.4686 139.524 
6.42536 154.492 -2.60307 -119.064 -85.7137 141.475 
6.41509 154.768 -2.93464 -116.371 -85.9164 143.878 
6.44378 155.044 -3.26792 -113.982 -86.151 146.087 
6.52771 155.323 -3.61442 -112.547 -86.3597 147.437 
6.62115 155.615 -3.98854 -112.159 -86.3828 147.716 
6.73211 155.915 -4.38115 -112.144 -86.1751 147.599 
6.86408 156.2 -4.77854 -112.092 -85.8612 147.458 
7.02003 156.458 -5.17731 -112.415 -85.5629 146.928 
7.19399 156.694 -5.57974 -114.061 -85.3066 145.173 
7.36501 156.911 -5.99396 -117.468 -85.0385 141.797 
7.53513 157.099 -6.42746 -122.275 -84.7135 137.104 
7.68643 157.253 -6.873 -127.231 -84.2912 132.265 
7.83539 157.386 -7.31676 -131.057 -83.7457 128.544 
7.97351 157.508 -7.73904 -133.398 -83.1444 126.333 
8.11668 157.615 -8.12553 -134.969 -82.639 124.934 
8.28031 157.699 -8.4824 -136.594 -82.2858 123.496 
8.46351 157.769 -8.83518 -138.53 -81.956 121.736 
8.65116 157.843 -9.19893 -140.486 -81.4991 119.974 
8.84251 157.921 -9.57342 -142.268 -80.9301 118.471 
9.0521 157.989 -9.92729 -143.494 -80.392 117.61 
9.27825 158.033 -10.2562 -144.002 -79.8978 117.488 
9.50627 158.061 -10.553 -144.056 -79.3494 117.832 
9.71391 158.08 -10.8218 -144.297 -78.6763 118.035 
9.89812 158.087 -11.0509 -144.802 -77.9549 118.038 
10.0696 158.078 -11.2188 -145.049 -77.3139 118.33 
10.2249 158.057 -11.3243 -144.846 -76.787 119.075 
10.3459 158.037 -11.3821 -144.534 -76.3262 119.931 
10.4215 158.017 -11.4134 -144.299 -75.8895 120.676 
10.4615 157.992 -11.4192 -143.795 -75.4857 121.595 
10.4778 157.971 -11.3835 -142.778 -75.1159 122.921 
10.4544 157.947 -11.3188 -141.719 -74.7327 124.251 
10.3796 157.934 -11.2189 -141.086 -74.3633 125.211 
10.2635 157.921 -11.0772 -140.92 -74.0493 125.765 
10.1294 157.901 -10.9009 -140.995 -73.7841 126.062 
10.0074 157.87 -10.682 -141.048 -73.5366 126.361 
9.89832 157.83 -10.443 -141.049 -73.2315 126.738 
9.78957 157.772 -10.2031 -141.135 -72.8565 127.126 
9.66477 157.696 -9.97058 -141.54 -72.4836 127.307 
9.51408 157.605 -9.74086 -142.334 -72.2169 127.151 
9.34026 157.511 -9.49966 -143.283 -72.1136 126.776 
9.14605 157.426 -9.23481 -144.131 -72.1716 126.336 
8.92387 157.355 -8.94094 -144.839 -72.3532 125.821 
8.66962 157.296 -8.62751 -145.649 -72.5973 125.029 
8.38479 157.241 -8.30896 -146.759 -72.8526 123.818 
8.07205 157.178 -7.99389 -148.217 -73.1149 122.175 
7.74862 157.1 -7.68777 -149.958 -73.401 120.187 
7.43336 157.01 -7.35128 -151.836 -73.8063 118.019 
7.12747 156.915 -7.0067 -154.134 -74.3084 115.385 
6.82526 156.821 -6.67374 -157.124 -74.8704 112.016 
6.53011 156.737 -6.35287 -160.818 -75.4318 107.909 
6.24887 156.659 -6.07168 -165.009 -75.9245 103.272 
5.98973 156.588 -5.83298 -169.63 -76.3093 98.1723 
5.7598 156.522 -5.63145 -174.814 -76.5539 92.4576 
5.57063 156.46 -5.47579 179.498 -76.6308 86.1465 
5.43647 156.405 -5.36281 173.638 -76.5477 79.5477 
5.37052 156.356 -5.29082 167.794 -76.3297 72.8959 
5.36822 156.315 -5.25745 162.004 -75.9865 66.3002 
5.41825 156.28 -5.26076 156.398 -75.5421 59.9293 
5.51838 156.242 -5.30385 151.088 -75.0327 53.8639 
5.67955 156.201 -5.39244 146.07 -74.4291 48.022 
5.91526 156.167 -5.53302 141.506 -73.6419 42.4994 
6.22088 156.147 -5.72868 137.771 -72.6716 37.6646 
6.57697 156.145 -5.97627 135.083 -71.673 33.8044 
6.97212 156.144 -6.26511 133.321 -70.8562 30.9 
7.41196 156.152 -6.58506 132.286 -70.3665 28.856 
7.9119 156.17 -6.92466 131.918 -70.2791 27.7337 
8.46306 156.193 -7.29351 132.372 -70.5717 27.8012 
9.06485 156.201 -7.66563 133.661 -71.1665 29.1781 
9.69789 156.171 -7.99947 135.786 -71.9851 31.8944 
10.3312 156.097 -8.24489 138.711 -72.9608 35.8544 
10.9356 155.987 -8.3528 142.799 -74.0895 41.2945 
11.4827 155.85 -8.29222 148.663 -75.2874 48.6825 
11.9428 155.686 -8.06355 156.868 -76.3822 58.5026 
12.2795 155.498 -7.68699 167.78 -77.1643 71.1046 
12.4542 155.299 -7.19119 -178.921 -77.3503 86.1659 
12.4362 155.107 -6.59474 -165.49 -76.6847 101.403 
12.2055 154.94 -5.90416 -155.136 -75.3233 113.595 
11.7436 154.807 -5.12674 -149.248 -73.8201 121.354 
11.0604 154.716 -4.29322 -147.362 -72.7239 124.977 
10.2076 154.68 -3.4561 -148.493 -72.317 125.04 
9.2747 154.722 -2.6797 -151.711 -72.6422 121.991 
8.38603 154.882 -2.03495 -156.204 -73.6376 116.405 
7.68273 155.161 -1.57839 -161.37 -75.2611 108.938 
7.32563 155.535 -1.34236 -167.102 -77.4733 100.006 
7.42941 155.984 -1.33972 -174.061 -80.0325 89.5236 
8.00014 156.506 -1.56081 176.589 -82.4822 77.0602 
8.91901 157.079 -1.96844 165.147 -84.2999 63.6327 
9.97828 157.632 -2.47096 157.218 -85.2737 55.298 
10.9559 158.054 -2.91498 161.343 -85.4842 60.6858 
11.6618 158.255 -3.11329 177.002 -84.7037 78.9371 
11.9897 158.217 -2.9255 -168.168 -82.7526 96.9104 
11.9296 158.019 -2.33517 -159.213 -80.3919 108.626 
11.58 157.806 -1.46896 -153.273 -78.8292 116.165 
11.1511 157.71 -0.554078 -147.696 -78.7277 121.832 
10.8782 157.793 0.178951 -141.898 -79.8757 126.376 
10.9071 158.053 0.57394 -137.507 -81.4803 128.882 
11.1837 158.439 0.654931 -136.973 -82.785 127.88 
11.5119 158.869 0.567425 -140.568 -83.4108 123.772 
11.7299 159.227 0.485585 -144.604 -83.3782 120.258 
11.8243 159.423 0.475931 -145.843 -82.9822 119.966 
11.8718 159.438 0.503502 -144.513 -82.5397 121.984 
11.9229 159.35 0.511547 -142.69 -82.2901 123.894 
11.9533 159.266 0.479598 -141.713 -82.2628 124.421 
11.9378 159.229 0.43665 -141.819 -82.3522 123.588 
11.8945 159.204 0.407306 -142.034 -82.3349 122.642 
11.8868 159.145 0.386837 -141.583 -82.0487 122.594 
11.9189 159.064 0.361478 -140.512 -81.4849 123.463 
11.9487 159.015 0.341606 -139.417 -80.8105 124.608 
11.9253 159.006 0.328766 -138.747 -80.2783 125.417 
11.8561 159.02 0.341348 -138.326 -80.0356 125.937 
11.7663 159.033 0.340979 -138.16 -79.9624 126.088 
11.6867 159.032 0.320129 -138.146 -79.8972 126.02 
11.5791 159.04 0.237537 -138.508 -79.711 125.486 
11.4363 159.071 0.129141 -138.992 -79.4981 124.767 
11.2608 159.113 0.0138802 -139.635 -79.2859 123.849 
11.0946 159.154 -0.0884892 -140.517 -79.0393 122.753 
10.9451 159.205 -0.216847 -141.753 -78.7058 121.419 
10.8057 159.281 -0.392799 -143.141 -78.3717 120.055 
10.6794 159.383 -0.576074 -144.526 -78.1692 118.759 
10.5868 159.48 -0.729919 -145.759 -78.0112 117.592 
10.5597 159.548 -0.84581 -146.811 -77.7697 116.573 
10.5792 159.592 -0.946947 -147.442 -77.4111 115.965 
10.5951 159.638 -1.05199 -147.829 -77.0923 115.619 
10.5674 159.692 -1.1483 -148.171 -76.8854 115.276 
10.5017 159.73 -1.20615 -148.639 -76.7309 114.755 
10.456 159.735 -1.20247 -149.048 -76.5546 114.303 
10.4 159.721 -1.18652 -149.132 -76.3714 114.19 
10.3253 159.708 -1.14652 -148.582 -76.3838 114.712 
10.2114 159.695 -1.14209 -147.748 -76.5357 115.377 
10.1104 159.67 -1.14239 -146.808 -76.732 116.046 
10.0503 159.63 -1.14812 -146.001 -76.8141 116.595 
10.0183 159.599 -1.18867 -145.538 -76.7724 116.917 
9.99102 159.605 -1.25025 -145.162 -76.7511 117.296 
9.96679 159.652 -1.31282 -144.857 -76.7903 117.721 
9.96924 159.707 -1.37626 -144.979 -76.7544 117.836 
10.0153 159.741 -1.43403 -145.54 -76.5238 117.669 
10.0748 159.757 -1.51364 -146.573 -76.0754 117.132 
10.1106 159.776 -1.61219 -147.879 -75.5548 116.316 
10.1128 159.801 -1.68049 -149.186 -75.1537 115.417 
10.0989 159.803 -1.71328 -150.343 -74.8928 114.565 
10.0842 159.762 -1.72006 -151.232 -74.7489 113.929 
10.0522 159.703 -1.71834 -151.539 -74.7319 113.812 
9.97804 159.67 -1.69276 -151.026 -74.9278 114.335 
9.88568 159.669 -1.64499 -149.986 -75.3034 115.192 
9.78501 159.67 -1.56838 -148.803 -75.7055 116.06 
9.68258 159.653 -1.49839 -147.89 -76.0034 116.686 
9.5695 159.632 -1.50187 -147.215 -76.1995 117.135 
9.46581 159.645 -1.55927 -146.452 -76.4423 117.695 
9.39216 159.696 -1.66607 -145.86 -76.6541 118.113 
9.3632 159.757 -1.77019 -145.762 -76.7004 118.18 
9.34553 159.806 -1.83853 -146.192 -76.572 117.909 
9.33671 159.841 -1.89689 -146.94 -76.3982 117.441 
9.34335 159.869 -1.95445 -147.501 -76.3601 117.135 
9.38492 159.887 -2.00726 -147.695 -76.4488 117.137 
9.45289 159.88 -2.0567 -147.797 -76.5428 117.257 
9.49685 159.845 -2.1187 -147.976 -76.5856 117.335 
9.52445 159.798 -2.20342 -148.096 -76.6137 117.498 
9.55125 159.767 -2.28887 -147.939 -76.6761 117.87 
9.58239 159.76 -2.36907 -147.772 -76.7158 118.173 
9.60514 159.753 -2.43585 -147.889 -76.697 118.185 
9.60732 159.752 -2.50444 -148.271 -76.6146 117.964 
9.57786 159.754 -2.58042 -148.48 -76.5308 117.893 
9.55006 159.776 -2.66118 -148.351 -76.4696 118.079 
9.51713 159.811 -2.74674 -148.177 -76.4217 118.274 
9.44578 159.843 -2.82169 -148.118 -76.4118 118.324 
9.35095 159.868 -2.88793 -147.979 -76.4409 118.408 
9.25424 159.893 -2.94007 -147.504 -76.491 118.713 
9.19986 159.92 -3.01092 -147.053 -76.4402 118.979 
9.14549 159.948 -3.08277 -146.864 -76.3165 119.064 
9.08165 159.972 -3.14321 -146.962 -76.1897 118.958 
9.03402 159.994 -3.18447 -146.947 -76.1473 119.009 
9.01254 160.013 -3.21993 -146.639 -76.1604 119.294 
9.03104 160.027 -3.23608 -146.29 -76.1665 119.655 
9.0371 160.029 -3.21696 -146.063 -76.1685 119.943 
9.03219 160.013 -3.18793 -145.976 -76.1688 120.127 
9.03488 159.988 -3.17035 -145.772 -76.1684 120.342 
9.09044 159.956 -3.16169 -145.517 -76.1474 120.575 
9.1582 159.924 -3.12657 -145.356 -76.1186 120.739 
9.1963 159.894 -3.04861 -145.257 -76.1578 120.919 
9.21882 159.863 -2.94397 -144.988 -76.3044 121.337 
9.24633 159.828 -2.83107 -144.362 -76.5112 122.059 
9.29087 159.788 -2.71793 -143.655 -76.6787 122.809 
9.31165 159.744 -2.60306 -143.188 -76.7563 123.314 
9.29887 159.695 -2.50418 -143.006 -76.7837 123.538 
9.27207 159.65 -2.41921 -142.761 -76.8078 123.742 
9.28562 159.61 -2.34121 -142.403 -76.8407 124.01 
9.32795 159.576 -2.24636 -142.115 -76.8783 124.229 
9.36321 159.545 -2.13296 -141.959 -76.936 124.404 
9.40032 159.507 -2.02935 -141.838 -77.0083 124.647 
9.44902 159.466 -1.9446 -141.539 -77.0742 125.055 
9.53991 159.419 -1.86943 -141.299 -77.079 125.43 
9.62406 159.37 -1.77648 -141.236 -77.0538 125.658 
9.69829 159.317 -1.67787 -141.391 -77.0485 125.752 
9.76109 159.266 -1.59158 -141.421 -77.0865 125.932 
9.83062 159.222 -1.51234 -141.173 -77.1447 126.265 
9.91913 159.181 -1.43992 -141.05 -77.1582 126.455 
9.97137 159.144 -1.35378 -141.077 -77.1723 126.507 
9.99251 159.108 -1.27247 -141.218 -77.2169 126.482 
9.99602 159.073 -1.20439 -141.157 -77.2917 126.563 
10.0073 159.041 -1.14281 -140.907 -77.3582 126.727 
10.0268 159.007 -1.07628 -140.739 -77.3962 126.805 
10.0057 158.973 -0.99679 -140.602 -77.4534 126.861 
9.97243 158.933 -0.917076 -140.316 -77.5405 127.085 
9.98073 158.888 -0.844524 -139.854 -77.6159 127.5 
10.0073 158.835 -0.753752 -139.27 -77.6828 128.015 
10.0344 158.771 -0.637438 -138.863 -77.7721 128.443 
10.0483 158.693 -0.513403 -138.564 -77.9232 128.875 
10.0603 158.613 -0.37606 -138.028 -78.1145 129.542 
10.0909 158.546 -0.241846 -137.072 -78.3101 130.567 
10.1291 158.501 -0.124095 -136.286 -78.4277 131.423 
10.1302 158.482 -0.0380127 -136.075 -78.4358 131.773 
10.0922 158.48 0.0191639 -136.31 -78.3637 131.741 
10.0348 158.484 0.0812166 -136.34 -78.2902 131.858 
9.98096 158.488 0.158931 -136.017 -78.294 132.196 
9.93206 158.494 0.246448 -135.489 -78.3779 132.621 
9.88333 158.501 0.327874 -135.049 -78.4829 132.915 
9.82712 158.5 0.400071 -134.745 -78.5658 133.068 
9.77987 158.485 0.467398 -134.541 -78.6008 133.137 
9.75213 158.464 0.539947 -134.359 -78.6142 133.245 
9.74222 158.436 0.617497 -134.179 -78.6093 133.432 
9.74662 158.404 0.695247 -133.941 -78.5811 133.756 
9.74801 158.372 0.769255 -133.564 -78.5397 134.261 
9.73733 158.339 0.841139 -132.916 -78.5159 135.047 
9.70914 158.303 0.911079 -131.915 -78.5186 136.153 
9.65783 158.26 0.978532 -130.726 -78.5376 137.387 
9.57618 158.214 1.03935 -129.82 -78.5196 138.292 
9.45089 158.174 1.09305 -129.644 -78.3994 138.49 
9.27624 158.152 1.14808 -130.004 -78.1537 138.247 
9.05639 158.149 1.18151 -130.336 -77.8034 138.105 
8.79059 158.154 1.17223 -130.078 -77.458 138.538 
8.48692 158.142 1.10446 -129.196 -77.2025 139.571 
8.14855 158.093 1.01675 -127.868 -77.0796 141.078 
7.7621 158.01 0.919192 -126.381 -77.02 142.81 
7.35588 157.91 0.836154 -124.851 -76.9828 144.656 
6.93224 157.821 0.767197 -123.531 -76.9808 146.315 
6.47859 157.748 0.709472 -122.676 -77.0308 147.454 
5.98167 157.678 0.647946 -122.489 -77.1022 147.796 
5.43212 157.603 0.586022 -122.695 -77.1793 147.537 
4.82351 157.519 0.536258 -122.916 -77.326 146.984 
4.13377 157.434 0.501401 -123.238 -77.618 146.033 
3.37279 157.354 0.478967 -124.33 -78.0457 144.17 
2.57965 157.276 0.501838 -126.532 -78.5509 141.225 
1.81238 157.192 0.592629 -129.704 -79.0344 137.403 
1.12492 157.091 0.736951 -132.899 -79.4758 133.567 
0.545938 156.981 0.932258 -134.984 -79.9808 130.726 
0.0605252 156.891 1.18348 -136.124 -80.5632 128.629 
-0.377335 156.856 1.51588 -138.207 -81.0064 125.42 
-0.798139 156.894 1.94337 -142.485 -81.0778 119.927 
-1.17334 156.998 2.43565 -146.905 -80.829 114.224 
-1.41261 157.146 2.93697 -147.482 -80.6359 112.253 
-1.4304 157.303 3.42331 -141.355 -80.729 116.956 
-1.21302 157.4 3.88597 -128.336 -80.7288 128.831 
-0.819604 157.372 4.37824 -112.717 -80.1087 143.948 
-0.359892 157.173 4.90375 -100.319 -78.8932 156.568 
0.0717461 156.803 5.43723 -92.9588 -77.6112 164.705 
0.405696 156.302 5.9361 -89.4993 -76.5443 169.174 
0.6058 155.742 6.3748 -88.5877 -75.6996 171.079 
0.665266 155.22 6.74993 -89.0186 -74.9958 171.522 
0.594368 154.834 7.0581 -89.7498 -74.3869 171.546 
0.412825 154.644 7.27895 -90.2442 -73.8349 171.707 
0.130237 154.657 7.39017 -90.5838 -73.3002 171.916 
-0.274751 154.829 7.39828 -91.2531 -72.8909 171.674 
-0.822473 155.109 7.3487 -92.9035 -72.9093 170.403 
-1.55221 155.459 7.31361 -96.6229 -73.7516 167.146 
-2.48764 155.829 7.3637 -104.825 -75.5976 159.714 
-3.62553 156.122 7.55497 -122.412 -78.0544 143.396 
-4.89996 156.168 7.92998 -154.934 -79.3775 112.559 
-6.1682 155.794 8.50051 169.362 -77.3078 78.387 
-7.25528 154.918 9.22754 147.092 -72.8918 56.7772 
-8.00299 153.594 10.0292 135.328 -68.3942 44.4913 
-8.316 151.982 10.8413 129.045 -64.7479 36.7677 
-8.14838 150.259 11.6344 125.496 -61.979 31.2419 
-7.51695 148.565 12.3988 123.15 -59.8909 26.6316 
-6.50489 146.982 13.0942 121.239 -58.4539 22.3007 
-5.21582 145.565 13.6369 119.57 -57.7772 18.0632 
-3.72285 144.382 13.9171 118.227 -57.9304 13.7762 
-2.05251 143.511 13.8483 117.134 -58.8079 9.06947 
-0.231223 143.004 13.4352 115.744 -60.3169 3.4999 
1.69153 142.858 12.7832 112.923 -62.5238 -3.38261 
3.66061 143.011 12.0505 107.24 -65.3416 -12.1578 
5.64246 143.364 11.3636 98.1149 -68.2363 -22.9951 
7.61458 143.801 10.7837 87.0807 -70.6041 -34.593 
9.55543 144.22 10.3122 76.9541 -72.3797 -44.7521 
11.4441 144.572 9.93582 69.1841 -73.8817 -52.4912 
13.2589 144.877 9.65223 62.9065 -75.2902 -58.7646 
14.9729 145.195 9.46819 56.0002 -76.5561 -65.5379 
16.556 145.571 9.39044 46.9789 -77.5267 -74.2173 
17.9869 146.005 9.44179 35.9513 -78.0919 -84.7705 
19.241 146.46 9.65477 23.5348 -78.3312 -96.6869 
20.2808 146.879 10.0662 9.43982 -78.2753 -110.253 
21.039 147.203 10.6946 -6.45925 -77.667 -125.528 
21.4314 147.434 11.5174 -22.285 -76.1352 -140.645 
21.3714 147.602 12.4696 -35.3481 -73.6261 -153.057 
20.7889 147.731 13.4817 -44.7763 -70.3658 -162.113 
19.6501 147.806 14.5126 -51.3717 -66.2955 -168.75 
17.9775 147.767 15.5617 -55.9867 -60.7738 -173.703 
15.8729 147.52 16.6601 -58.9637 -52.8791 -176.969 
13.5067 146.997 17.8455 -60.6754 -42.2549 -178.738 
11.0673 146.203 19.109 -61.8669 -30.3206 -179.891 
8.73529 145.242 20.3474 -63.0591 -20.2293 178.985 
6.62828 144.279 21.3763 -64.0755 -13.6115 178.072 
4.80541 143.45 22.0459 -64.7393 -9.94964 177.637 
3.28009 142.808 22.317 -65.1985 -8.07685 177.722 
2.04562 142.331 22.2889 -65.6287 -7.07502 178.055 
1.0722 141.965 22.1104 -66.0841 -6.47452 178.258 
0.298362 141.661 21.8965 -66.5773 -6.01843 178.186 
-0.351267 141.382 21.6873 -67.1458 -5.55854 178.07 
-0.936194 141.119 21.4778 -67.8357 -5.07585 178.266 
-1.46969 140.897 21.2412 -68.6611 -4.65352 178.981 
-1.94221 140.756 20.9582 -69.5481 -4.34096 -179.869 
-2.32586 140.713 20.614 -70.4336 -4.16694 -178.595 
-2.61365 140.749 20.2159 -71.2883 -4.17115 -177.501 
-2.82716 140.825 19.7929 -72.1429 -4.36092 -176.672 
-3.00519 140.915 19.3752 -73.0412 -4.6784 -175.998 
-3.18122 141.003 18.9848 -73.9713 -5.05845 -175.344 
-3.36908 141.087 18.6289 -74.8601 -5.47701 -174.663 
-3.56426 141.175 18.3037 -75.6565 -5.9289 -173.985 
-3.75415 141.274 18.0012 -76.4041 -6.4162 -173.358 
-3.92077 141.39 17.6958 -77.2371 -6.98876 -172.824 
-4.08191 141.512 17.3894 -78.1826 -7.67446 -172.344 
-4.23654 141.636 17.0684 -79.1984 -8.50625 -171.902 
-4.39147 141.763 16.7261 -80.1467 -9.53233 -171.47 
-4.56075 141.906 16.3502 -80.933 -10.8369 -171.014 
-4.76739 142.087 15.9101 -81.597 -12.448 -170.52 
-5.04162 142.319 15.3883 -82.2972 -14.3442 -169.955 
-5.40213 142.616 14.7604 -83.3145 -16.6855 -169.29 
-5.89088 143.01 13.978 -84.9906 -19.8463 -168.53 
-6.55683 143.529 12.9957 -87.6163 -24.2243 -167.63 
-7.45782 144.187 11.7658 -91.174 -30.0056 -166.614 
-8.63711 144.965 10.2715 -95.1951 -36.9519 -165.667 
-10.0969 145.805 8.57838 -99.0448 -44.0099 -165.131 
-11.7643 146.647 6.81317 -102.614 -49.6874 -165.419 
-13.5448 147.463 5.14706 -106.156 -53.0214 -166.74 
-15.3536 148.261 3.68538 -109.662 -54.2015 -168.886 
-17.1559 149.034 2.44282 -112.768 -54.1242 -171.441 
-18.9634 149.75 1.38109 -115.274 -53.7863 -174.215 
-20.7869 150.388 0.464545 -117.372 -53.7102 -177.335 
-22.6013 150.955 -0.323405 -119.379 -53.8955 179.053 
-24.3513 151.459 -0.998749 -121.448 -54.0583 175.051 
-25.9877 151.901 -1.58054 -123.433 -53.9271 171.055 
-27.4922 152.281 -2.07389 -125.086 -53.4818 167.504 
-28.8663 152.611 -2.47046 -126.256 -52.9488 164.65 
-30.1058 152.9 -2.76516 -126.918 -52.5705 162.505 
-31.1992 153.144 -2.96201 -127.121 -52.4056 160.969 
-32.139 153.328 -3.07464 -127.01 -52.3584 159.894 
-32.9327 153.444 -3.12578 -126.813 -52.3337 159.088 
-33.6061 153.495 -3.13674 -126.713 -52.3035 158.366 
-34.1893 153.507 -3.12191 -126.77 -52.2514 157.608 
-34.7062 153.508 -3.08267 -126.935 -52.1389 156.781 
-35.1769 153.511 -3.01758 -127.145 -51.9449 155.895 
-35.6272 153.511 -2.92601 -127.336 -51.6952 154.979 
-36.0624 153.498 -2.8262 -127.504 -51.4056 154.026 
-36.4696 153.469 -2.74008 -127.654 -51.0517 153.01 
-36.8398 153.435 -2.66871 -127.75 -50.6206 151.932 
-37.1733 153.404 -2.60163 -127.793 -50.1466 150.82 
-37.4785 153.383 -2.53368 -127.829 -49.681 149.738 
-37.7632 153.368 -2.47154 -127.881 -49.2547 148.771 
-38.0213 153.353 -2.42627 -127.913 -48.8562 147.956 
-38.2409 153.337 -2.39315 -127.8 -48.4507 147.303 
-38.4136 153.323 -2.35849 -127.454 -47.9987 146.791 
-38.5385 153.314 -2.31776 -126.933 -47.4869 146.338 
-38.6229 153.305 -2.25935 -126.331 -46.9186 145.811 
-38.6494 153.29 -2.16353 -125.711 -46.2798 144.963 
-38.5758 153.264 -2.01426 -125.06 -45.5489 143.59 
-38.3794 153.223 -1.81124 -124.34 -44.7803 141.707 
-38.0668 153.167 -1.56521 -123.466 -44.0371 139.555 
-37.6595 153.095 -1.28343 -122.326 -43.3375 137.383 
-37.1768 153.004 -0.969042 -120.886 -42.6908 135.302 
-36.634 152.89 -0.631213 -119.212 -42.134 133.326 
-36.0467 152.747 -0.281709 -117.386 -41.7295 131.499 
-35.4292 152.569 0.0730983 -115.451 -41.5455 129.943 
-34.8079 152.352 0.43068 -113.463 -41.6627 128.816 
-34.2157 152.096 0.782812 -111.513 -42.1241 128.273 
-33.6772 151.804 1.11709 -109.616 -42.9096 128.502 
-33.1906 151.482 1.43391 -107.613 -43.9357 129.751 
-32.7237 151.134 1.76918 -105.35 -45.0595 132.112 
-32.2684 150.756 2.21283 -102.968 -46.0093 135.311 
-31.8269 150.337 2.8906 -100.944 -46.4809 138.66 
-31.2894 149.863 3.91123 -99.3027 -46.4505 141.496 
-30.4172 149.344 5.28811 -97.1479 -46.2942 143.742 
-29.0382 148.828 6.92808 -93.5261 -46.4561 145.961 
-27.1826 148.374 8.70786 -88.5471 -46.9897 148.769 
-24.9532 148.029 10.548 -82.9977 -47.6765 152.324 
-22.411 147.813 12.4169 -77.5611 -48.4054 156.451 
-19.5614 147.723 14.2967 -72.3873 -49.3118 161.081 
-16.3905 147.737 16.1343 -67.3072 -50.5285 166.366 
-12.8934 147.839 17.813 -62.3235 -52.0951 172.361 
-9.13398 148.023 19.1883 -57.8301 -54.0709 178.811 
-5.25603 148.29 20.1321 -54.2523 -56.6023 -174.613 
-1.49016 148.62 20.6059 -51.5305 -59.6891 -167.964 
1.8972 148.985 20.6597 -49.2155 -62.9795 -161.166 
4.64317 149.358 20.3742 -47.0611 -66.0822 -154.471 
6.48319 149.73 19.8264 -45.3247 -69.003 -148.614 
7.1969 150.096 19.0809 -44.3495 -72.1499 -144.225 
6.66594 150.42 18.2025 -44.1431 -75.6464 -141.417 
4.91759 150.632 17.2584 -44.822 -78.8026 -140.482 
2.17712 150.671 16.2872 -47.2133 -80.6163 -142.667 
-1.17484 150.56 15.2754 -51.4868 -80.9566 -148.419 
-4.70658 150.385 14.1786 -57.6187 -80.913 -157.341 
-8.09335 150.225 12.9932 -69.8149 -81.6052 -172.687 
-11.1532 150.118 11.7986 -95.4839 -82.2637 159.061 
-13.8067 150.067 10.7213 -125.279 -80.706 127.802 
-16.0639 150.087 9.85216 -141.88 -77.6256 110.906 
-18.018 150.141 9.18888 -149.487 -75.0048 103.901 
-19.7748 150.165 8.6849 -153.273 -73.5287 101.131 
-21.349 150.136 8.34442 -154.917 -72.655 100.413 
-22.6724 150.073 8.20502 -155.188 -71.5369 100.686 
-23.718 150.017 8.19293 -154.921 -69.985 101.178 
-24.5715 149.996 8.15288 -154.846 -68.462 101.41 
-25.3154 150 8.0327 -155.157 -67.1817 101.341 
-26.0122 149.992 7.88191 -155.634 -65.9688 101.111 
-26.6255 149.948 7.77982 -156.026 -64.8016 100.886 
-27.0742 149.87 7.75354 -156.11 -63.9793 100.752 
-27.2874 149.771 7.78457 -155.804 -63.841 100.676 
-27.2996 149.635 7.8798 -155.353 -64.3164 100.646 
-27.2267 149.434 8.08522 -155.264 -64.9398 100.659 
-27.1251 149.164 8.41012 -155.615 -65.3966 100.674 
-26.9034 148.875 8.8236 -155.456 -65.9998 100.706 
-26.4101 148.616 9.26134 -153.881 -67.0431 100.686 
-25.6098 148.371 9.71042 -150.997 -68.292 100.508 
-24.6188 148.061 10.2103 -148.03 -69.263 99.6926 
-23.5627 147.635 10.8141 -146.241 -69.8489 97.4893 
-22.4579 147.149 11.5775 -146.412 -70.3513 93.3032 
-21.2021 146.762 12.5252 -148.993 -71.1487 86.9407 
-19.6867 146.621 13.614 -154.388 -72.4533 78.586 
-17.9094 146.764 14.7339 -163.037 -74.4125 68.7541 
-16.0088 147.109 15.7735 -176.255 -77.0653 57.0603 
-14.1756 147.581 16.6806 163.808 -79.7957 41.4139 
-12.5513 148.203 17.4722 140.616 -81.4185 23.7913 
-11.1774 149.046 18.1865 125.804 -81.7969 13.7933 
-10.0524 150.096 18.831 123.227 -81.4531 14.3985 
-9.2072 151.227 19.3576 126.902 -80.4827 19.8741 
-8.68875 152.277 19.6732 131.486 -79.2118 25.4106 
-8.47249 153.133 19.7125 136.513 -78.0139 30.8252 
-8.43777 153.761 19.4889 143.173 -76.7881 37.4127 
-8.47175 154.213 19.085 151.024 -75.2103 44.9079 
-8.55562 154.573 18.6158 158.006 -73.3285 51.4881 
-8.71816 154.893 18.1552 162.581 -71.6586 55.6587 
-8.95644 155.178 17.7451 164.395 -70.7105 56.8369 
-9.23706 155.434 17.3784 164.476 -70.4776 55.9305 
-9.52143 155.671 17.037 164.536 -70.4136 54.8938 
-9.78332 155.874 16.7218 165.943 -69.975 55.5606 
-10.0088 156.004 16.4957 168.447 -69.2132 57.9313 
-10.183 156.056 16.3704 170.721 -68.5805 60.5912 
-10.29 156.075 16.3529 171.702 -68.5629 62.2027 
-10.3223 156.086 16.4188 171.367 -69.0945 62.5554 
-10.2829 156.116 16.4997 170.393 -69.6091 62.2915 
-10.2039 156.16 16.5723 169.653 -69.7405 62.3064 
-10.1095 156.204 16.618 169.422 -69.4672 62.8562 
-10.0318 156.236 16.642 169.484 -68.9859 63.5587 
-9.94299 156.249 16.6724 169.379 -68.5067 63.888 
-9.8457 156.25 16.7289 168.968 -68.1161 63.6819 
-9.73086 156.222 16.8191 168.301 -67.8239 63.1377 
-9.59228 156.162 16.9367 167.536 -67.6044 62.5799 
-9.42406 156.08 17.0729 166.805 -67.417 62.2145 
-9.22383 156.004 17.2156 166.185 -67.2142 62.0807 
-9.0057 155.952 17.3571 165.711 -67.0111 62.1003 
-8.80447 155.925 17.469 165.41 -66.8896 62.1454 
-8.64917 155.904 17.5243 165.248 -66.9148 62.0916 
-8.53538 155.871 17.5701 165.28 -67.0773 62.0259 
-8.4225 155.837 17.6195 165.71 -67.1144 62.3238 
-8.26687 155.811 17.7438 166.448 -66.8591 63.1218 
-8.0666 155.766 17.9999 167.091 -66.3438 64.1117 
-7.80795 155.616 18.4268 167.178 -65.7925 64.7931 
-7.51792 155.242 19.0289 166.764 -65.4189 64.9102 
-7.22012 154.598 19.7655 166.222 -65.2892 64.4528 
-6.9094 153.772 20.5639 165.655 -65.4394 63.3692 
-6.56839 152.929 21.3458 164.561 -66.0037 61.3674 
-6.2266 152.176 22.0541 162.513 -67.118 58.4316 
-5.91254 151.539 22.6357 159.653 -68.7121 55.0075 
-5.60374 151.014 23.0235 156.567 -70.4442 51.7719 
-5.28228 150.597 23.1686 153.866 -71.8114 49.2916 
-4.98154 150.288 23.0761 152.045 -72.506 48.0319 
-4.7754 150.113 22.7968 151.036 -72.6653 47.8127 
-4.72143 150.112 22.3943 150.31 -72.8026 47.932 
-4.83842 150.29 21.9142 149.324 -73.2496 47.6717 
-5.11153 150.595 21.3751 147.85 -73.8663 46.6488 
-5.51412 150.962 20.7661 146.579 -74.3333 45.4484 
-6.03682 151.366 20.0706 146.659 -74.526 45.2227 
-6.68155 151.805 19.2757 148.522 -74.4022 46.5728 
-7.42938 152.271 18.4355 151.218 -73.8634 48.727 
-8.20814 152.75 17.6055 153.768 -72.8999 50.7604 
-8.93688 153.239 16.8619 155.979 -71.7971 52.4456 
-9.57436 153.749 16.1955 158.409 -70.7909 54.4035 
-10.121 154.278 15.5589 161.126 -69.8277 56.7912 
-10.5952 154.797 14.9078 163.695 -68.7093 59.1167 
-11.0142 155.267 14.2176 165.804 -67.3777 60.9052 
-11.4054 155.662 13.5531 167.632 -66.108 62.2344 
-11.7898 155.978 12.9593 169.482 -65.0334 63.4619 
-12.1335 156.239 12.4735 171.082 -64.1223 64.506 
-12.4386 156.468 12.0836 172.176 -63.3006 65.1586 
-12.6936 156.679 11.7378 172.776 -62.5534 65.527 
-12.9167 156.867 11.4433 173.154 -62.0135 65.8532 
-13.1167 157.026 11.1795 173.515 -61.6481 66.2213 
-13.2874 157.165 10.9421 173.798 -61.3955 66.4463 
-13.4157 157.302 10.7194 173.903 -61.1799 66.4412 
-13.4977 157.433 10.5117 173.828 -60.9416 66.3559 
-13.5346 157.538 10.326 173.698 -60.671 66.4186 
-13.535 157.609 10.1739 173.619 -60.4194 66.6152 
-13.5003 157.655 10.0618 173.572 -60.215 66.749 
-13.4458 157.686 9.98716 173.526 -60.0152 66.7032 
-13.3757 157.707 9.93632 173.462 -59.7983 66.5621 
-13.2866 157.704 9.8934 173.394 -59.6252 66.4669 
-13.1861 157.681 9.84852 173.316 -59.553 66.4398 
-13.0606 157.66 9.80454 173.078 -59.5394 66.3356 
-12.9172 157.649 9.76757 172.725 -59.5174 66.1382 
-12.7426 157.637 9.74174 172.47 -59.4404 65.9428 
-12.4926 157.611 9.74867 172.676 -59.2863 65.9168 
-12.0883 157.573 9.80938 173.444 -58.9743 66.0332 
-11.465 157.533 9.97678 174.261 -58.4918 65.8742 
-10.6393 157.468 10.296 174.463 -58.0133 65.1247 
-9.68153 157.323 10.7918 173.772 -57.8151 63.8412 
-8.64235 157.063 11.4512 172.273 -58.1112 62.2079 
-7.5382 156.728 12.2066 170.173 -58.9532 60.395 
-6.42182 156.389 12.9536 167.612 -60.219 58.574 
-5.41526 156.107 13.5751 164.953 -61.6443 57.1318 
-4.61684 155.921 13.9873 162.745 -62.9361 56.4135 
-4.04083 155.868 14.1745 161.323 -63.9217 56.3831 
-3.65369 155.945 14.1816 160.615 -64.5942 56.6697 
-3.43313 156.1 14.067 160.131 -65.0208 56.726 
-3.3703 156.273 13.8759 159.455 -65.281 56.2809 
-3.43376 156.435 13.6475 158.592 -65.4641 55.514 
-3.56664 156.581 13.417 157.87 -65.6928 54.8219 
-3.72751 156.719 13.2262 157.385 -66.1269 54.2776 
-3.85623 156.871 13.0731 156.812 -66.8142 53.64 
-3.94309 157.063 12.8781 156.163 -67.4672 53.0325 
-4.00032 157.3 12.6149 155.796 -67.7505 52.9347 
-4.04272 157.559 12.294 156.147 -67.459 53.7581 
-4.07999 157.812 11.9335 157.183 -66.6937 55.233 
-4.11758 158.043 11.5998 158.287 -65.8661 56.503 
-4.18727 158.241 11.3107 159.12 -65.1993 57.1846 
-4.29862 158.397 11.0671 159.812 -64.6004 57.554 
-4.40319 158.511 10.8614 160.668 -63.8838 58.037 
-4.48528 158.603 10.7098 161.723 -63.1245 58.5855 
-4.51499 158.698 10.5823 162.62 -62.4852 58.9235 
-4.50297 158.799 10.5059 162.879 -62.1259 58.7688 
-4.46416 158.885 10.4839 162.526 -62.01 58.3111 
-4.41078 158.947 10.5094 161.902 -62.027 57.8096 
-4.3528 158.997 10.5622 161.312 -62.0699 57.3519 
-4.2757 159.047 10.6224 160.864 -62.0464 56.9671 
-4.19797 159.088 10.6777 160.557 -61.9241 56.679 
-4.13403 159.106 10.7236 160.382 -61.7934 56.5288 
-4.07152 159.114 10.7571 160.304 -61.7709 56.4863 
-4.00276 159.126 10.7843 160.298 -61.8506 56.4935 
-3.93947 159.149 10.8228 160.415 -61.9275 56.5967 
-3.89574 159.155 10.8697 160.744 -61.9421 56.9006 
-3.85992 159.143 10.9404 161.276 -62.0087 57.4068 
-3.82672 159.126 11.0164 161.935 -62.1741 58.0398 
-3.80283 159.119 11.0719 162.521 -62.3014 58.676 
-3.82591 159.109 11.1066 162.901 -62.2623 59.2069 
-3.88361 159.099 11.1105 163.115 -62.0366 59.6261 
-3.9343 159.106 11.1034 163.302 -61.7445 59.896 
-3.94271 159.158 11.0833 163.481 -61.4033 59.9818 
-3.93161 159.237 11.0633 163.602 -61.0433 59.9387 
-3.94497 159.311 10.9958 163.682 -60.6098 59.9102 
-3.98867 159.376 10.8584 163.888 -60.145 60.0542 
-4.03811 159.456 10.6675 164.317 -59.6625 60.387 
-4.04539 159.553 10.482 164.729 -59.185 60.7117 
-4.05609 159.634 10.345 165.023 -58.7924 60.8603 
-4.08301 159.683 10.2818 165.235 -58.6412 60.7905 
-4.04221 159.736 10.2797 165.386 -58.7571 60.5933 
-3.92112 159.811 10.2997 165.575 -58.9474 60.4601 
-3.75437 159.878 10.3163 165.771 -59.0335 60.5788 
-3.61331 159.893 10.2998 165.992 -59.0026 61.0116 
-3.5198 159.866 10.2272 166.446 -58.9663 61.7462 
-3.43546 159.849 10.1299 167.109 -59.0324 62.477 
-3.33953 159.871 10.0327 167.727 -59.0929 62.9133 
-3.26798 159.909 9.92719 168.116 -58.9965 63.0898 
-3.2587 159.941 9.78042 168.34 -58.7678 63.2094 
-3.29825 159.98 9.6028 168.73 -58.6266 63.4909 
-3.31662 160.056 9.39113 169.359 -58.5696 63.8609 
-3.29296 160.157 9.2268 170.006 -58.6036 64.1319 
-3.268 160.244 9.09335 170.518 -58.5742 64.328 
-3.28731 160.298 8.9585 170.839 -58.4938 64.4344 
-3.35787 160.349 8.79244 171.148 -58.3987 64.4873 
-3.40743 160.411 8.61037 171.426 -58.2416 64.4552 
-3.41264 160.454 8.45354 171.675 -57.9452 64.4184 
-3.3756 160.451 8.35138 171.893 -57.5854 64.5221 
-3.29979 160.434 8.29728 172.034 -57.3804 64.7204 
-3.18235 160.46 8.27218 172.064 -57.4629 64.8511 
-3.01624 160.54 8.26795 171.9 -57.7209 64.8388 
-2.85884 160.609 8.28909 171.639 -57.9358 64.8262 
-2.73661 160.625 8.3151 171.476 -58.0135 65.0223 
-2.63096 160.619 8.336 171.53 -58.0189 65.4034 
-2.51415 160.618 8.34883 171.724 -58.003 65.7713 
-2.39743 160.621 8.39724 171.795 -58.0034 65.877 
-2.32129 160.571 8.4841 171.756 -58.0475 65.7436 
-2.27189 160.476 8.63807 171.749 -58.3124 65.4836 
-2.19541 160.387 8.76668 171.899 -58.6154 65.2983 
-2.09884 160.33 8.84786 172.121 -58.7581 65.3142 
-2.05072 160.271 8.91882 172.281 -58.6908 65.5438 
-2.07409 160.185 9.00643 172.405 -58.5707 65.892 
-2.09709 160.111 9.08592 172.573 -58.5257 66.2051 
-2.05534 160.099 9.17423 172.708 -58.6291 66.3296 
-1.98793 160.123 9.2819 172.683 -58.746 66.2969 
-1.96898 160.114 9.3924 172.489 -58.7668 66.2226 
-1.99616 160.053 9.5146 172.194 -58.7715 66.1057 
-1.98711 160 9.61923 171.952 -58.8107 66.0106 
-1.90254 159.993 9.72445 171.732 -58.9392 65.9486 
-1.79374 159.989 9.84742 171.479 -59.1266 65.9899 
-1.71724 159.936 10.0038 171.2 -59.4552 66.1389 
-1.64192 159.848 10.1649 170.956 -59.9036 66.3487 
-1.51284 159.78 10.2919 170.87 -60.3457 66.6887 
-1.34271 159.744 10.4245 170.878 -60.7589 67.1447 
-1.20258 159.701 10.5472 170.928 -61.0422 67.702 
-1.11771 159.636 10.6804 171.023 -61.2739 68.3393 
-1.05095 159.578 10.8092 171.224 -61.4471 69.0652 
-0.967606 159.558 10.9555 171.497 -61.6391 69.8318 
-0.848755 159.565 11.1222 171.703 -61.9178 70.6031 
-0.745286 159.564 11.2785 172.002 -62.2992 71.5397 
-0.672844 159.527 11.4232 172.502 -62.7403 72.8222 
-0.651516 159.458 11.5522 173.309 -63.1206 74.5596 
-0.690811 159.374 11.6751 174.334 -63.3679 76.5896 
-0.799116 159.284 11.8066 175.472 -63.4874 78.6563 
-0.986515 159.186 11.9632 176.583 -63.5352 80.4243 
-1.26471 159.067 12.1703 177.415 -63.6245 81.4869 
-1.62785 158.912 12.4291 177.694 -63.7826 81.5346 
-2.03903 158.716 12.73 177.254 -63.9651 80.4463 
-2.43303 158.483 13.0749 176.09 -64.0675 78.2967 
-2.75728 158.218 13.4673 174.313 -64.0024 75.2864 
-2.97753 157.929 13.9153 171.974 -63.8095 71.5799 
-3.07427 157.626 14.3965 169.188 -63.5275 67.3742 
-3.03188 157.324 14.8888 166.118 -63.1176 62.8285 
-2.85032 157.047 15.3531 162.842 -62.414 57.9623 
-2.54409 156.816 15.7442 159.373 -61.2901 52.723 
-2.12722 156.635 16.0489 155.822 -59.7563 47.1623 
-1.59963 156.499 16.3019 152.455 -57.9086 41.569 
-0.948263 156.4 16.5721 149.63 -55.91 36.4867 
-0.150524 156.353 16.9171 147.615 -54.0381 32.4905 
0.810872 156.384 17.335 146.425 -52.7232 29.9273 
1.90899 156.507 17.7244 145.802 -52.4522 28.8192 
3.04852 156.684 17.9487 145.464 -53.5865 29.0936 
4.09833 156.839 17.9362 145.46 -56.2616 30.8676 
4.95967 156.923 17.7597 146.516 -60.1418 34.6872 
5.58271 156.903 17.6387 149.839 -64.4071 41.4728 
5.90471 156.787 17.7158 156.209 -67.8571 51.6652 
5.85174 156.621 17.9471 163.987 -69.839 63.2013 
5.37442 156.444 18.1576 169.716 -70.6547 72.1345 
4.49913 156.301 18.198 170.887 -70.8261 75.4601 
3.34446 156.255 18.0783 167.19 -70.2489 72.5185 
2.0873 156.344 17.8972 160.771 -68.4019 65.3489 
0.970505 156.575 17.7266 154.936 -65.3087 57.3399 
0.266227 156.954 17.5788 151.273 -61.8084 50.3153 
0.182776 157.47 17.4478 149.498 -58.9311 44.5426 
0.75527 158.116 17.3244 148.644 -57.4835 40.0954 
1.76199 158.827 17.2366 147.861 -57.7089 37.4409 
2.81082 159.447 17.2681 146.98 -59.1963 37.2646 
3.49133 159.797 17.4738 146.197 -61.1752 39.4637 
3.53732 159.798 17.7696 145.285 -63.0392 42.4296 
2.89079 159.516 18.006 143.815 -64.4339 44.2042 
1.70808 159.106 18.0808 142.155 -64.9426 44.0275 
0.338874 158.743 17.9889 141.536 -64.1682 42.6448 
-0.796961 158.565 17.784 142.887 -62.1633 41.2166 
-1.34352 158.681 17.5327 145.776 -59.6467 40.3824 
-1.22389 159.133 17.2628 148.578 -57.6726 40.2608 
-0.669627 159.831 16.9997 149.85 -56.9532 40.9047 
-0.0619841 160.545 16.7632 149.286 -57.4245 42.2871 
0.324528 161.059 16.5701 147.703 -58.3838 44.0441 
0.441612 161.306 16.4364 146.17 -59.1341 45.619 
0.401061 161.387 16.3754 145.329 -59.3436 46.4546 
0.309477 161.468 16.359 145.228 -59.0601 46.3831 
0.186647 161.651 16.3409 145.57 -58.503 45.669 
0.040035 161.929 16.3044 145.936 -57.9032 44.7277 
-0.0425028 162.19 16.2754 146.218 -57.4941 44.1153 
0.0355139 162.307 16.2933 146.589 -57.423 44.2885 
0.241118 162.222 16.3621 147.137 -57.6388 45.2044 
0.412507 162.02 16.4139 147.732 -57.9769 46.3486 
0.418741 161.86 16.3751 147.989 -58.1891 46.9172 
0.263867 161.859 16.2531 147.805 -58.1192 46.6187 
0.0992832 162.001 16.1238 147.607 -57.828 46.0108 
0.105252 162.155 16.043 147.884 -57.5535 45.9297 
0.324505 162.188 16.0236 148.672 -57.4887 46.7709 
0.618039 162.085 16.0409 149.504 -57.5868 48.1197 
0.818092 161.95 16.0507 149.877 -57.7065 49.1796 
0.87025 161.894 16.025 149.557 -57.7601 49.2949 
0.863618 161.935 15.9809 148.963 -57.8211 48.7098 
0.936593 162.009 15.9533 148.671 -57.9729 48.168 
1.135 162.045 15.9597 148.837 -58.2301 48.2181 
1.35446 162.03 15.9735 149.033 -58.5248 48.6744 
1.46918 162.007 15.9546 148.809 -58.7876 48.9352 
1.46526 162.012 15.8997 148.202 -59.0248 48.6215 
1.44157 162.044 15.8283 147.727 -59.2836 47.9719 
1.47025 162.078 15.781 147.653 -59.6236 47.3605 
1.50923 162.11 15.709 147.83 -59.9105 47.0041 
1.48085 162.16 15.5821 147.805 -60.029 46.6645 
1.37902 162.242 15.3375 147.755 -59.8927 46.4462 
1.29161 162.34 15.0517 147.915 -59.682 46.375 
1.27068 162.429 14.733 148.472 -59.45 46.6041 
1.27444 162.497 14.417 149.162 -59.2578 46.9797 
1.22703 162.56 14.1218 149.544 -59.0628 47.1359 
1.13901 162.633 13.8557 149.619 -58.8455 47.0137 
1.09032 162.703 13.6199 149.62 -58.6204 46.7986 
1.13011 162.747 13.4081 149.728 -58.4676 46.7678 
1.21084 162.754 13.206 149.874 -58.4571 46.9574 
1.26088 162.739 13.0006 149.905 -58.5479 47.1477 
1.27391 162.739 12.791 149.782 -58.6076 47.1002 
1.30201 162.75 12.634 149.643 -58.7022 46.8685 
1.36859 162.751 12.5252 149.594 -58.8327 46.6746 
1.4383 162.735 12.4304 149.605 -59.0024 46.648 
1.45304 162.722 12.3563 149.505 -59.1806 46.602 
1.41351 162.7 12.2729 149.348 -59.2225 46.4604 
1.37434 162.678 12.218 149.296 -59.1866 46.2933 
1.35757 162.632 12.183 149.536 -59.1248 46.3301 
1.33131 162.571 12.1547 149.933 -59.1096 46.5289 
1.25363 162.531 12.1353 150.192 -59.1084 46.627 
1.15064 162.504 12.1416 150.213 -59.0443 46.5121 
1.07856 162.488 12.1599 150.21 -58.9223 46.4074 
1.07305 162.456 12.1884 150.349 -58.8538 46.5589 
1.10293 162.414 12.2258 150.529 -58.9038 46.8968 
1.11234 162.389 12.2656 150.527 -59.0423 47.0904 
1.09956 162.395 12.2995 150.292 -59.1452 46.9858 
1.07976 162.406 12.3543 149.993 -59.2081 46.6886 
1.08404 162.397 12.4131 149.802 -59.2423 46.4672 
1.08874 162.359 12.4779 149.7 -59.3161 46.2976 
1.08025 162.308 12.5404 149.536 -59.4398 46.0131 
1.06683 162.255 12.5882 149.274 -59.5846 45.6127 
1.06699 162.206 12.6185 148.993 -59.7109 45.2651 
1.05004 162.161 12.6485 148.826 -59.8055 45.0656 
1.01221 162.127 12.6925 148.716 -59.8396 44.9323 
0.962522 162.106 12.7211 148.746 -59.7814 44.9261 
0.887946 162.09 12.7398 148.951 -59.677 45.0252 
0.819895 162.075 12.7456 149.216 -59.5951 45.188 
0.756455 162.059 12.739 149.493 -59.5693 45.3078 
0.711707 162.061 12.7341 149.666 -59.5724 45.2802 
0.693886 162.075 12.7512 149.697 -59.5989 45.1321 
0.686473 162.075 12.79 149.64 -59.6454 44.9464 
0.673135 162.071 12.8221 149.631 -59.6943 44.8304 
0.662328 162.061 12.8278 149.716 -59.6917 44.8098 
0.665963 162.045 12.8554 149.771 -59.6611 44.8029 
0.678511 162.01 12.9083 149.821 -59.582 44.9032 
0.709165 161.961 12.9713 149.845 -59.491 45.1113 
0.744158 161.907 13.0572 149.777 -59.4954 45.2192 
0.782313 161.858 13.1448 149.63 -59.5704 45.144 
0.813379 161.818 13.2244 149.46 -59.6485 44.9479 
0.822468 161.784 13.2967 149.323 -59.6783 44.7503 
0.818083 161.759 13.3594 149.247 -59.656 44.6333 
0.798043 161.75 13.4036 149.235 -59.5851 44.6021 
0.759565 161.747 13.4219 149.305 -59.4972 44.6702 
0.730768 161.751 13.4196 149.417 -59.4128 44.7991 
0.707417 161.757 13.416 149.495 -59.3605 44.8856 
0.682282 161.764 13.4175 149.47 -59.3374 44.8323 
0.64945 161.769 13.4233 149.331 -59.3341 44.6166 
0.620098 161.769 13.4281 149.183 -59.3582 44.373 
0.593668 161.768 13.4297 149.117 -59.3887 44.2196 
0.566022 161.768 13.4293 149.121 -59.4083 44.1824 
0.542974 161.767 13.4301 149.123 -59.4151 44.191 
0.516773 161.765 13.4334 149.078 -59.4063 44.1599 
0.49256 161.761 13.439 148.983 -59.3833 44.0781 
0.473645 161.758 13.4462 148.886 -59.358 43.9993 
0.455425 161.755 13.4622 148.822 -59.3473 43.9529 
0.435726 161.753 13.4837 148.787 -59.3462 43.9397 
0.416979 161.751 13.5041 148.752 -59.3496 43.9274 
0.412334 161.75 13.5302 148.692 -59.3558 43.8889 
0.398839 161.746 13.5554 148.621 -59.3636 43.8206 
0.382846 161.737 13.574 148.566 -59.3506 43.7625 
0.379347 161.721 13.5996 148.529 -59.3089 43.7381 
0.381853 161.705 13.6381 148.533 -59.2411 43.7695 
0.401453 161.692 13.6903 148.545 -59.1684 43.8196 
0.4254 161.685 13.7437 148.546 -59.1246 43.8442 
0.44985 161.679 13.7965 148.482 -59.1258 43.7852 
0.46644 161.674 13.841 148.358 -59.1546 43.6691 
0.46637 161.665 13.8693 148.243 -59.178 43.5861 
0.453018 161.654 13.8912 148.147 -59.1667 43.547 
0.415696 161.636 13.8882 148.056 -59.1251 43.495 
0.378818 161.613 13.8771 147.951 -59.087 43.3567 
0.345005 161.584 13.8365 147.82 -59.0513 43.1146 
0.311432 161.55 13.7724 147.698 -59.0011 42.8505 
0.270772 161.515 13.692 147.608 -58.9044 42.662 
0.20925 161.488 13.6003 147.507 -58.7798 42.5239 
0.127949 161.473 13.4908 147.406 -58.6586 42.4119 
0.0390386 161.464 13.3559 147.329 -58.5622 42.3303 
-0.0631718 161.466 13.1884 147.318 -58.4765 42.3441 
-0.180645 161.469 12.9873 147.4 -58.4066 42.4883 
-0.314125 161.47 12.7536 147.557 -58.359 42.732 
-0.467594 161.468 12.4921 147.789 -58.3366 43.0271 
-0.644688 161.461 12.2178 148.048 -58.3241 43.2823 
-0.835554 161.448 11.9406 148.286 -58.296 43.4717 
-1.04291 161.431 11.653 148.516 -58.2395 43.6467 
-1.26241 161.412 11.3571 148.752 -58.2054 43.8413 
-1.48405 161.394 11.0468 148.99 -58.2313 44.07 
-1.69992 161.377 10.7148 149.235 -58.2959 44.3157 
-1.91328 161.358 10.3549 149.515 -58.3352 44.588 
-2.1266 161.346 9.97811 149.816 -58.2891 44.892 
-2.33732 161.337 9.59547 150.116 -58.1526 45.2232 
-2.54516 161.321 9.21612 150.39 -57.9806 45.5074 
-2.73731 161.303 8.859 150.553 -57.8804 45.6219 
-2.90588 161.29 8.5065 150.649 -57.8406 45.6384 
-3.05653 161.278 8.14119 150.752 -57.792 45.6703 
-3.20087 161.264 7.75567 150.962 -57.7149 45.8387 
-3.341 161.248 7.35652 151.204 -57.625 46.0662 
-3.47784 161.231 6.95357 151.436 -57.5375 46.3032 
-3.60791 161.217 6.5533 151.608 -57.4359 46.5193 
-3.73411 161.201 6.15596 151.715 -57.3349 46.6925 
-3.86194 161.177 5.7584 151.781 -57.2899 46.7882 
-4.00398 161.145 5.33354 151.915 -57.2996 46.8785 
-4.16888 161.105 4.88509 152.166 -57.3309 47.0429 
-4.35429 161.059 4.42897 152.518 -57.3347 47.3024 
-4.54707 160.999 3.96794 152.889 -57.289 47.5669 
-4.73796 160.928 3.49479 153.184 -57.2137 47.7094 
-4.92293 160.851 2.99473 153.366 -57.1624 47.695 
-5.109 160.773 2.42481 153.526 -57.183 47.6304 
-5.28467 160.695 1.77316 153.714 -57.378 47.6145 
-5.45286 160.6 1.06066 154.066 -57.7901 47.7872 
-5.62774 160.471 0.358157 154.655 -58.3755 48.2436 
-5.83144 160.299 -0.274231 155.461 -58.9988 48.9731 
-6.07388 160.097 -0.815357 156.271 -59.6121 49.705 
-6.33418 159.898 -1.30336 156.834 -60.2744 50.0813 
-6.56875 159.736 -1.8112 157.138 -60.9659 50.0994 
-6.74683 159.62 -2.34776 157.323 -61.5908 50.0606 
-6.8946 159.527 -2.86305 157.582 -62.038 50.2258 
-7.04104 159.433 -3.32109 157.916 -62.3063 50.511 
-7.16741 159.353 -3.69804 158.217 -62.5673 50.6504 
-7.26665 159.31 -4.04268 158.678 -62.9451 50.7387 
-7.29514 159.319 -4.35992 159.509 -63.5734 51.1181 
-7.22943 159.349 -4.64451 160.948 -64.4272 52.2001 
-7.07349 159.341 -4.86498 163.057 -65.3131 54.1548 
-6.84188 159.258 -5.00749 165.549 -65.9782 56.7352 
-6.57708 159.112 -5.09254 167.81 -66.3574 59.2047 
-6.27536 158.963 -5.15889 169.208 -66.651 60.8311 
-5.94347 158.852 -5.22313 169.692 -67.0922 61.5294 
-5.60507 158.766 -5.24623 169.766 -67.7096 61.9018 
-5.27621 158.667 -5.18565 170.091 -68.3976 62.7085 
-4.94557 158.534 -5.06193 170.975 -69.1018 64.1633 
-4.61194 158.375 -4.95074 172.329 -69.8416 65.9558 
-4.27448 158.215 -4.86963 173.874 -70.6497 67.7614 
-3.96072 158.065 -4.78719 175.484 -71.4723 69.5779 
-3.69502 157.92 -4.67619 177.143 -72.2289 71.5316 
-3.49945 157.771 -4.49689 178.802 -72.945 73.6171 
-3.38848 157.605 -4.2625 -179.644 -73.6465 75.6754 
-3.37073 157.426 -3.99756 -178.31 -74.3454 77.5073 
-3.44453 157.246 -3.73459 -177.186 -75.0143 79.0437 
-3.60692 157.076 -3.50781 -176.104 -75.6306 80.3983 
-3.85054 156.914 -3.34818 -174.972 -76.2309 81.6596 
-4.16613 156.745 -3.26465 -173.869 -76.8946 82.7846 
-4.51088 156.552 -3.22654 -172.923 -77.6354 83.7221 
-4.83944 156.333 -3.1799 -172.245 -78.3546 84.4514 
-5.14522 156.11 -3.09329 -171.679 -78.9452 85.157 
-5.45328 155.912 -3.00943 -171.084 -79.4189 85.9878 
-5.79587 155.758 -2.96906 -170.368 -79.9031 86.9974 
-6.17925 155.626 -2.98282 -169.574 -80.4392 88.0763 
-6.61773 155.472 -2.99308 -169.04 -80.9189 88.7527 
-7.10643 155.277 -2.94041 -169.65 -81.2058 88.0833 
-7.62359 155.051 -2.82345 -172.179 -81.2739 85.3347 
-8.1349 154.825 -2.68967 -176.26 -81.2248 80.9945 
-8.60798 154.612 -2.5679 179.349 -81.2429 76.4187 
-9.01177 154.406 -2.45966 175.711 -81.4551 72.7211 
-9.33365 154.193 -2.34928 172.993 -81.8541 70.0295 
-9.57568 153.964 -2.23456 170.76 -82.3211 67.8501 
-9.75123 153.728 -2.11218 168.49 -82.7579 65.651 
-9.87472 153.501 -1.98703 166.301 -83.1118 63.5763 
-9.94449 153.29 -1.87077 164.914 -83.4143 62.3773 
-9.96434 153.087 -1.78954 165.219 -83.6973 62.9222 
-9.94004 152.89 -1.71843 166.997 -84.0881 64.9568 
-9.88821 152.699 -1.65864 169.462 -84.603 67.6431 
-9.82161 152.523 -1.61144 171.046 -85.1944 69.4024 
-9.75195 152.361 -1.58674 170.301 -85.7417 68.8125 
-9.67276 152.211 -1.56738 167.081 -86.1551 65.7959 
-9.57475 152.063 -1.51453 162.566 -86.4792 61.6098 
-9.44927 151.912 -1.43427 157.906 -86.7488 57.4485 
-9.2879 151.769 -1.32835 151.929 -86.9896 52.1444 
-9.08089 151.651 -1.19848 142.753 -87.1279 43.7837 
-8.8322 151.553 -1.09258 133.158 -87.0126 35.0895 
-8.54322 151.465 -0.995663 125.953 -86.72 28.8657 
-8.22747 151.381 -0.896005 121.12 -86.3904 25.0931 
-7.92162 151.297 -0.808672 117.042 -86.0782 22.0821 
-7.66627 151.213 -0.744615 112.436 -85.7747 18.4023 
-7.48839 151.12 -0.702307 107.584 -85.4628 14.1572 
-7.38823 151.008 -0.661761 103.46 -85.1726 10.199 
-7.34837 150.871 -0.602705 100.269 -84.9708 6.69684 
-7.33108 150.712 -0.52817 97.2473 -84.9237 2.98088 
-7.30842 150.535 -0.461012 93.4816 -85.0229 -1.69395 
-7.26022 150.344 -0.392522 88.1524 -85.1644 -7.91541 
-7.20849 150.135 -0.345746 83.1544 -85.225 -13.645 
-7.16655 149.911 -0.309839 79.8234 -85.2035 -17.5078 
-7.12932 149.683 -0.292986 78.1232 -85.1952 -19.5928 
-7.09106 149.466 -0.307328 76.6788 -85.316 -21.3659 
-7.0389 149.279 -0.350991 74.2117 -85.663 -24.127 
-6.96311 149.135 -0.425022 70.4003 -86.2695 -28.1706 
-6.85497 149.038 -0.513219 65.4888 -87.1069 -33.205 
-6.73011 148.977 -0.606232 59.1211 -88.0249 -39.5902 
-6.60308 148.936 -0.706145 48.9656 -88.8071 -49.6231 
-6.48553 148.892 -0.810669 29.3909 -89.2623 -68.8842 
-6.38528 148.836 -0.910861 0.446315 -89.3372 -97.3419 
-6.29883 148.772 -0.999732 -23.0199 -89.1327 -120.267 
-6.22827 148.711 -1.07484 -39.0666 -88.8065 -135.906 
-6.17478 148.655 -1.13846 -51.0134 -88.4925 -147.664 
-6.14487 148.591 -1.19384 -60.237 -88.269 -156.886 
-6.14372 148.505 -1.23965 -66.5095 -88.1422 -163.226 
-6.16076 148.391 -1.27776 -69.4059 -88.0905 -166.127 
-6.18265 148.27 -1.3172 -69.3149 -88.115 -165.89 
-6.19945 148.17 -1.36572 -67.5955 -88.2147 -163.861 
-6.21953 148.11 -1.43006 -66.2082 -88.3222 -162.137 
-6.22753 148.082 -1.51385 -67.8219 -88.3081 -163.542 
-6.21599 148.072 -1.58671 -71.4824 -88.0875 -167.229 
-6.19073 148.066 -1.64212 -74.4004 -87.7305 -170.357 
-6.16864 148.043 -1.69904 -75.2226 -87.3943 -171.42 
-6.16386 148.007 -1.75402 -72.001 -87.1712 -168.31 
-6.17389 147.961 -1.83251 -66.4757 -87.0449 -162.693 
-6.19988 147.901 -1.92913 -61.8221 -86.9648 -157.741 
-6.22754 147.833 -2.01917 -60.1712 -86.902 -155.624 
-6.24939 147.765 -2.07717 -60.7464 -86.8177 -155.676 
-6.27423 147.698 -2.10716 -61.688 -86.6946 -156.216 
-6.28391 147.636 -2.12174 -61.9435 -86.5323 -156.306 
-6.27004 147.577 -2.14005 -62.138 -86.3433 -156.609 
-6.22074 147.526 -2.15456 -62.8923 -86.1044 -157.634 
-6.14548 147.484 -2.19008 -64.9663 -85.7941 -159.974 
-6.06207 147.456 -2.25354 -68.1474 -85.4047 -163.328 
-5.98478 147.444 -2.33875 -71.8552 -84.9688 -167.169 
-5.91767 147.444 -2.43067 -75.6611 -84.5449 -171.192 
-5.85849 147.447 -2.51532 -79.1365 -84.1598 -175.035 
-5.80875 147.45 -2.59985 -81.9571 -83.8029 -178.342 
-5.77206 147.454 -2.69165 -83.8766 -83.4463 179.231 
-5.75106 147.464 -2.80226 -85.019 -83.0487 177.634 
-5.73517 147.489 -2.93059 -85.5814 -82.566 176.688 
-5.71243 147.528 -3.07253 -85.742 -81.9844 176.19 
-5.66923 147.577 -3.21182 -85.778 -81.3428 175.857 
-5.60647 147.631 -3.34914 -85.9597 -80.7101 175.419 
-5.5313 147.687 -3.47317 -86.3625 -80.1323 174.816 
-5.45771 147.744 -3.58357 -86.8085 -79.6133 174.228 
-5.39219 147.801 -3.69136 -87.1229 -79.1379 173.841 
-5.33294 147.857 -3.80706 -87.2315 -78.6931 173.737 
-5.27561 147.907 -3.93226 -87.184 -78.2774 173.849 
-5.22452 147.941 -4.05238 -87.0926 -77.9063 174.016 
-5.19481 147.95 -4.17244 -87.2375 -77.6135 173.88 
-5.22131 147.934 -4.29672 -87.7133 -77.4399 173.237 
-5.30628 147.902 -4.42371 -88.4196 -77.3972 172.192 
-5.44245 147.856 -4.55248 -89.2189 -77.4864 170.929 
-5.61685 147.802 -4.67704 -89.9342 -77.6847 169.71 
-5.81989 147.748 -4.7941 -90.4015 -77.923 168.763 
-6.02496 147.705 -4.90401 -90.515 -78.0882 168.248 
-6.20547 147.679 -4.99665 -90.2835 -78.1153 168.195 
-6.34673 147.666 -5.05965 -89.8362 -78.048 168.493 
-6.46205 147.659 -5.09981 -89.4075 -78.0056 168.882 
-6.55003 147.649 -5.13386 -89.0206 -78.0677 169.291 
-6.61115 147.636 -5.17591 -88.734 -78.2414 169.588 
-6.65031 147.62 -5.23038 -88.5735 -78.4808 169.721 
-6.66953 147.6 -5.29014 -88.6756 -78.734 169.586 
-6.6827 147.57 -5.3467 -89.081 -78.9864 169.183 
-6.68228 147.539 -5.38946 -89.6821 -79.2188 168.667 
-6.66012 147.507 -5.41676 -90.3546 -79.4 168.138 
-6.61382 147.482 -5.43716 -90.9753 -79.5215 167.66 
-6.5528 147.466 -5.44169 -91.3278 -79.6288 167.411 
-6.49082 147.456 -5.42677 -91.3483 -79.7916 167.456 
-6.43541 147.443 -5.40648 -91.355 -80.017 167.49 
-6.38884 147.421 -5.38311 -91.5346 -80.261 167.35 
-6.33897 147.384 -5.35296 -91.9871 -80.4704 166.979 
-6.28204 147.335 -5.31585 -92.5961 -80.6298 166.499 
-6.24675 147.287 -5.28432 -93.0205 -80.7665 166.158 
-6.22532 147.261 -5.28689 -93.081 -80.8951 166.104 
-6.21779 147.265 -5.34957 -92.876 -81.0236 166.225 
-6.22249 147.294 -5.44273 -92.4166 -81.1706 166.564 
-6.2336 147.329 -5.54979 -92.0848 -81.3401 166.805 
-6.26624 147.355 -5.65265 -92.1111 -81.5103 166.678 
-6.31773 147.374 -5.74796 -92.6444 -81.669 165.998 
-6.37808 147.396 -5.84631 -93.604 -81.8345 164.852 
-6.4394 147.431 -5.95723 -94.8395 -82.0242 163.434 
-6.49648 147.472 -6.06474 -96.1431 -82.1981 161.967 
-6.5324 147.502 -6.13615 -97.4161 -82.2586 160.545 
-6.51957 147.508 -6.17407 -99.055 -82.1324 158.8 
-6.45486 147.499 -6.18128 -101.008 -81.858 156.803 
-6.35792 147.489 -6.17531 -103.043 -81.5352 154.798 
-6.25082 147.474 -6.16067 -104.717 -81.2192 153.223 
-6.14481 147.444 -6.12893 -105.483 -80.8634 152.63 
-6.03482 147.406 -6.07536 -105.203 -80.3779 153.173 
-5.9267 147.384 -6.00751 -104.49 -79.7463 154.25 
-5.83212 147.401 -5.93627 -104.264 -79.0806 154.916 
-5.75166 147.446 -5.86538 -104.794 -78.5042 154.856 
-5.69219 147.491 -5.79836 -105.657 -78.1021 154.409 
-5.64173 147.515 -5.74763 -106.353 -77.892 154.062 
-5.59351 147.526 -5.72801 -106.837 -77.8686 153.87 
-5.55568 147.544 -5.73996 -107.488 -78.0441 153.437 
-5.52625 147.552 -5.76736 -108.647 -78.3785 152.418 
-5.50406 147.546 -5.7855 -110.269 -78.7643 150.88 
-5.48737 147.502 -5.78723 -112.042 -79.0762 149.174 
-5.47631 147.426 -5.7805 -113.436 -79.2254 147.814 
-5.44371 147.344 -5.78757 -114.062 -79.22 147.195 
-5.41039 147.276 -5.82579 -113.733 -79.1755 147.409 
-5.36699 147.223 -5.89397 -112.734 -79.194 148.251 
-5.32998 147.168 -5.96985 -111.557 -79.2911 149.292 
-5.2974 147.093 -6.02744 -110.608 -79.435 150.223 
-5.25249 146.992 -6.06919 -109.765 -79.5997 151.235 
-5.2036 146.869 -6.11539 -108.502 -79.7683 152.83 
-5.16467 146.74 -6.17652 -106.969 -79.8726 154.81 
-5.16197 146.622 -6.23359 -106.452 -79.8611 155.832 
-5.21723 146.529 -6.26225 -108.162 -79.7679 154.624 
-5.31861 146.467 -6.25979 -111.866 -79.674 151.332 
-5.44246 146.436 -6.2511 -115.978 -79.6701 147.39 
-5.56667 146.435 -6.27155 -118.863 -79.8421 144.328 
-5.67916 146.467 -6.31258 -119.639 -80.2276 143.078 
-5.76385 146.528 -6.37039 -118.66 -80.698 143.497 
-5.8247 146.602 -6.41882 -116.831 -81.0454 144.854 
-5.86411 146.67 -6.43884 -114.982 -81.0985 146.406 
-5.86422 146.714 -6.41498 -113.697 -80.811 147.637 
-5.82166 146.732 -6.34605 -113.105 -80.2784 148.401 
-5.74213 146.731 -6.23378 -113.214 -79.6462 148.636 
-5.6426 146.718 -6.10743 -113.896 -79.0333 148.385 
-5.53886 146.709 -5.97192 -114.212 -78.5935 148.5 
-5.4504 146.712 -5.87326 -113.601 -78.3787 149.429 
-5.38466 146.741 -5.83649 -112.051 -78.3859 151.122 
-5.35133 146.817 -5.87048 -110.272 -78.5299 152.875 
-5.34126 146.949 -5.96831 -109.212 -78.6982 153.856 
-5.3509 147.12 -6.11152 -109.391 -78.7624 153.606 
-5.3775 147.286 -6.26828 -110.683 -78.683 152.218 
-5.41703 147.413 -6.41623 -112.489 -78.5365 150.217 
-5.46887 147.499 -6.55808 -114.168 -78.4785 148.206 
-5.53503 147.557 -6.68027 -115.368 -78.6298 146.607 
-5.6109 147.592 -6.77053 -116.28 -78.9618 145.333 
-5.69128 147.607 -6.82937 -117.292 -79.3541 144.04 
-5.77328 147.617 -6.86578 -118.327 -79.7638 142.753 
-5.85871 147.632 -6.89945 -119.074 -80.2415 141.735 
-5.95143 147.642 -6.95646 -119.624 -80.7904 140.923 
-6.04157 147.643 -6.98817 -119.65 -81.3527 140.736 
-6.08367 147.627 -6.97682 -119.146 -81.7068 141.262 
-6.06063 147.6 -6.90475 -118.105 -81.6838 142.44 
-5.97392 147.575 -6.78074 -116.842 -81.3186 143.863 
-5.84523 147.566 -6.63584 -115.691 -80.8633 145.116 
-5.7122 147.573 -6.49562 -114.879 -80.6322 145.95 
-5.60916 147.582 -6.35912 -114.717 -80.7586 146.112 
-5.557 147.58 -6.18111 -115.247 -81.1992 145.621 
-5.53873 147.565 -5.95504 -116.407 -81.7931 144.601 
-5.54962 147.553 -5.68259 -117.492 -82.4323 143.752 
-5.59409 147.572 -5.38834 -118.039 -83.0505 143.553 
-5.6699 147.639 -5.09571 -118.666 -83.6403 143.388 
-5.7773 147.754 -4.81457 -120.857 -84.2418 141.64 
-5.89501 147.895 -4.53646 -125.415 -84.8652 137.335 
-5.99509 148.021 -4.25178 -130.696 -85.4216 132.019 
-6.06035 148.098 -3.95123 -132.223 -85.8145 130.201 
-6.08147 148.112 -3.63174 -126.573 -85.9818 135.417 
-6.07311 148.068 -3.30449 -115.609 -85.8139 145.94 
-6.06227 147.99 -2.98694 -104.685 -85.3125 156.546 
-6.06398 147.91 -2.68108 -95.9864 -84.5942 165.149 
-6.07548 147.845 -2.41779 -90.2467 -83.696 171.009 
-6.07335 147.803 -2.21852 -87.519 -82.6734 173.968 
-6.03677 147.779 -2.07097 -87.2415 -81.6728 174.486 
-5.96266 147.771 -1.97904 -88.8297 -80.8568 173.095 
-5.85706 147.781 -1.94816 -91.487 -80.2742 170.624 
-5.7302 147.812 -1.97544 -94.3611 -79.8681 167.994 
-5.58824 147.856 -2.04433 -96.7113 -79.5542 166 
-5.46196 147.896 -2.13296 -98.1519 -79.2918 164.959 
-5.35864 147.917 -2.2184 -98.797 -79.0857 164.687 
-5.27974 147.906 -2.3038 -98.9671 -78.9412 164.788 
-5.2413 147.856 -2.36951 -99.0193 -78.8566 164.843 
-5.25621 147.775 -2.40778 -98.9833 -78.7993 164.849 
-5.32448 147.683 -2.42377 -98.6479 -78.7261 165.086 
-5.43611 147.609 -2.4177 -97.7769 -78.5775 165.816 
-5.56639 147.559 -2.41593 -96.5888 -78.2904 166.781 
-5.69703 147.495 -2.40973 -95.2519 -77.8666 167.754 
-5.82728 147.378 -2.36706 -93.6283 -77.3771 168.831 
-5.96351 147.178 -2.2633 -91.2982 -76.925 170.442 
-6.10987 146.906 -2.09681 -87.8712 -76.6285 173.048 
-6.26632 146.587 -1.8856 -83.285 -76.5394 176.801 
-6.43822 146.246 -1.65294 -77.8451 -76.6084 -178.556 
-6.6055 145.916 -1.41222 -72.2653 -76.7141 -173.641 
-6.76712 145.637 -1.17896 -67.4232 -76.7355 -169.264 
-6.93444 145.43 -0.973591 -64.0605 -76.5985 -166.147 
-7.10496 145.28 -0.815958 -62.673 -76.245 -164.855 
-7.25929 145.172 -0.720382 -63.3493 -75.6864 -165.607 
-7.38295 145.122 -0.694092 -65.7095 -75.0554 -168.102 
-7.4914 145.158 -0.730032 -68.9674 -74.5964 -171.562 
-7.59695 145.273 -0.797752 -72.3724 -74.5432 -175.161 
-7.74703 145.407 -0.872182 -75.506 -74.9824 -178.536 
-7.93913 145.501 -0.948632 -78.4505 -75.7994 178.298 
-8.17614 145.531 -1.02816 -81.4019 -76.7599 175.166 
-8.39763 145.508 -1.1119 -84.4085 -77.637 172.071 
-8.55453 145.432 -1.21217 -87.2415 -78.282 169.12 
-8.59918 145.283 -1.30409 -89.0556 -78.6488 167.036 
-8.51478 145.037 -1.39815 -89.6991 -78.7957 165.949 
-8.33214 144.716 -1.47672 -89.4101 -78.7568 165.711 
-8.12225 144.4 -1.52004 -88.5052 -78.5319 166.113 
-7.95158 144.177 -1.52442 -86.8327 -78.1202 167.36 
-7.85477 144.073 -1.50367 -83.7264 -77.5638 170.091 
-7.81351 144.032 -1.47796 -78.5306 -77.0055 174.924 
-7.79793 143.978 -1.45774 -71.1022 -76.4983 -178.024 
-7.78883 143.914 -1.44972 -65.2995 -76.1013 -172.484 
