-1.22005 158.368 -1.12387 -35.8699 -67.182 -126.926 
-0.94377 157.721 -0.850207 -41.1945 -65.8069 -132.063 
-0.674193 157.048 -0.528313 -45.4707 -64.1675 -135.818 
-0.437584 156.351 -0.150688 -48.5138 -62.4313 -138.012 
-0.272671 155.679 0.253114 -50.4047 -60.9076 -139.054 
-0.203215 155.106 0.654588 -51.3973 -59.7208 -139.456 
-0.222006 154.682 1.0401 -51.7709 -58.7504 -139.456 
-0.302431 154.402 1.39473 -51.8715 -57.8035 -139.222 
-0.420438 154.212 1.69366 -51.966 -56.8926 -138.957 
-0.570601 154.056 1.91259 -52.0605 -56.2253 -138.788 
-0.763139 153.907 2.05867 -51.9601 -55.9572 -138.668 
-0.97556 153.763 2.14974 -51.6877 -55.9829 -138.544 
-1.21476 153.637 2.19011 -51.5118 -56.0146 -138.532 
-1.42182 153.541 2.21033 -51.7301 -55.8166 -138.676 
-1.59012 153.471 2.23654 -52.2023 -55.439 -138.87 
-1.72547 153.415 2.26943 -52.5849 -55.1039 -138.945 
-1.8372 153.36 2.30284 -52.6669 -54.9389 -138.805 
-1.92672 153.31 2.32357 -52.5947 -54.8306 -138.568 
-1.9957 153.277 2.32188 -52.6583 -54.6056 -138.427 
-2.05724 153.273 2.28884 -52.9903 -54.2325 -138.465 
-2.13418 153.297 2.22815 -53.4067 -53.8604 -138.577 
-2.24198 153.353 2.14607 -53.5357 -53.6987 -138.57 
-2.37349 153.464 2.03764 -53.0384 -53.9218 -138.305 
-2.4849 153.68 1.87091 -51.8628 -54.5978 -137.803 
-2.53153 154.048 1.59397 -50.1943 -55.7086 -137.215 
-2.47112 154.585 1.1693 -48.1832 -57.252 -136.588 
-2.28236 155.263 0.596659 -45.7878 -59.2165 -135.752 
-1.96947 156.023 -0.082626 -43.1419 -61.3696 -134.693 
-1.55182 156.799 -0.800447 -40.8466 -63.2461 -133.884 
-1.06174 157.514 -1.47624 -39.6558 -64.4599 -134.006 
-0.54035 158.102 -2.04539 -39.9202 -64.9232 -135.324 
-0.0355155 158.525 -2.46873 -41.4505 -64.7263 -137.538 
0.413476 158.787 -2.7524 -43.828 -63.9445 -140.226 
0.789444 158.917 -2.92769 -46.5997 -62.6684 -143.045 
1.1031 158.945 -3.0267 -49.3357 -61.1614 -145.639 
1.37356 158.897 -3.05217 -51.6884 -59.7624 -147.662 
1.62344 158.801 -3.00104 -53.4609 -58.6484 -148.903 
1.84918 158.684 -2.90778 -54.7486 -57.7742 -149.53 
2.02774 158.567 -2.74806 -55.6845 -56.878 -149.773 
2.16375 158.448 -2.54169 -56.4533 -55.873 -149.907 
2.27617 158.313 -2.31717 -57.05 -54.9261 -150.017 
2.35888 158.159 -2.08053 -57.3843 -54.2748 -150.047 
2.39138 157.999 -1.87826 -57.6097 -53.989 -150.088 
2.39682 157.856 -1.68902 -57.9854 -53.7671 -150.174 
2.39869 157.745 -1.48941 -58.6003 -53.2413 -150.304 
2.39673 157.671 -1.28091 -59.3155 -52.3726 -150.459 
2.37803 157.626 -1.05983 -60.0199 -51.4605 -150.608 
2.31196 157.575 -0.832358 -60.9386 -50.8187 -150.779 
2.13946 157.455 -0.560755 -62.4614 -50.389 -150.954 
1.78968 157.198 -0.222363 -64.7418 -49.8596 -151.043 
1.22186 156.781 0.16384 -67.2226 -49.1567 -150.784 
0.454863 156.235 0.537616 -68.9454 -48.7038 -149.907 
-0.450151 155.613 0.846476 -69.223 -49.0672 -148.357 
-1.41191 154.963 1.08211 -68.105 -50.3588 -146.289 
-2.33917 154.341 1.27153 -66.1193 -52.1886 -143.81 
-3.20003 153.788 1.43823 -63.7758 -54.0276 -140.962 
-3.98033 153.302 1.60816 -61.3036 -55.6204 -137.758 
-4.68599 152.862 1.78873 -58.6493 -57.0406 -134.263 
-5.31395 152.464 1.95355 -55.753 -58.4045 -130.672 
-5.86734 152.128 2.06297 -52.8099 -59.6881 -127.351 
-6.32422 151.867 2.10807 -50.2657 -60.8068 -124.687 
-6.6813 151.676 2.11861 -48.1536 -61.8533 -122.578 
-6.97662 151.539 2.08991 -45.8182 -63.0917 -120.312 
-7.22878 151.438 1.99404 -42.5206 -64.6685 -117.124 
-7.45605 151.354 1.84838 -37.9964 -66.4069 -112.774 
-7.64907 151.267 1.68064 -32.6734 -67.9744 -107.754 
-7.78046 151.167 1.50636 -27.1639 -69.1877 -102.659 
-7.82712 151.059 1.32487 -21.7965 -70.0896 -97.6479 
-7.78531 150.962 1.14611 -16.54 -70.7907 -92.463 
-7.66816 150.9 0.99351 -11.1417 -71.2818 -86.7962 
-7.48558 150.891 0.867513 -5.12335 -71.4417 -80.3349 
-7.25433 150.936 0.75989 1.82415 -71.159 -72.9961 
-6.98043 151.011 0.674178 9.11063 -70.4609 -65.4478 
-6.66271 151.082 0.63663 15.363 -69.5436 -59.022 
-6.30763 151.138 0.63269 19.6883 -68.6561 -54.509 
-5.93413 151.187 0.618946 22.4652 -67.8966 -51.3854 
-5.59601 151.237 0.562882 24.6571 -67.2423 -48.6496 
-5.30173 151.272 0.469264 26.8874 -66.6673 -45.7795 
-5.05744 151.273 0.398928 29.2274 -66.0662 -42.9806 
-4.85741 151.241 0.375709 31.6675 -65.3293 -40.4144 
-4.69461 151.203 0.412673 34.1574 -64.3569 -38.0238 
-4.55291 151.189 0.481987 36.6078 -63.257 -35.7143 
-4.40951 151.207 0.568354 38.8385 -62.2149 -33.6403 
-4.25643 151.24 0.627343 40.961 -61.3379 -31.7716 
-4.09679 151.269 0.645703 43.2085 -60.5569 -29.8908 
-3.93092 151.288 0.626509 45.7005 -59.8171 -27.8481 
-3.74835 151.297 0.594691 48.2633 -59.1099 -25.8426 
-3.53821 151.299 0.569933 50.6977 -58.4058 -24.1131 
-3.2918 151.297 0.553765 52.8968 -57.616 -22.7186 
-2.99737 151.299 0.535475 54.7943 -56.7087 -21.5927 
-2.64634 151.314 0.481341 56.3839 -55.7953 -20.6275 
-2.22632 151.358 0.395043 57.6072 -54.9818 -19.8723 
-1.77371 151.43 0.281416 58.6984 -54.2313 -19.2602 
-1.28805 151.523 0.138932 59.865 -53.4405 -18.6497 
-0.776395 151.623 -0.0403797 61.1227 -52.6761 -18.0389 
-0.269266 151.717 -0.259297 62.306 -52.1609 -17.6217 
0.241218 151.807 -0.51683 63.2373 -52.0019 -17.5496 
0.760215 151.9 -0.804473 63.9628 -52.0489 -17.7818 
1.29605 152.002 -1.11123 64.6831 -52.0484 -18.1107 
1.86215 152.114 -1.43491 65.4438 -51.9268 -18.4298 
2.47006 152.237 -1.77581 65.9687 -51.8346 -18.917 
3.12406 152.37 -2.14077 65.912 -51.9443 -19.882 
3.79557 152.508 -2.50425 65.2452 -52.2117 -21.4598 
4.4779 152.648 -2.90363 64.4579 -52.4165 -23.1789 
5.13838 152.783 -3.34653 64.173 -52.396 -24.4187 
5.75706 152.913 -3.84507 64.6041 -52.2472 -24.9106 
6.34494 153.043 -4.41201 65.404 -52.2437 -24.9528 
6.89566 153.176 -5.04651 66.1549 -52.5705 -25.0647 
7.38624 153.317 -5.73323 66.8036 -53.1252 -25.4356 
7.81256 153.468 -6.45909 67.5229 -53.6774 -25.9007 
8.17867 153.632 -7.2196 68.3043 -54.1967 -26.3465 
8.50934 153.81 -8.01951 68.795 -54.9465 -26.9785 
8.83182 153.991 -8.87537 68.683 -56.2242 -28.0877 
9.1586 154.16 -9.78805 68.0879 -57.9958 -29.6601 
9.48724 154.309 -10.7342 67.4601 -59.899 -31.2951 
9.81919 154.443 -11.6693 67.1954 -61.5104 -32.5088 
10.1598 154.573 -12.5634 67.2566 -62.6516 -33.2151 
10.5245 154.711 -13.4051 67.2197 -63.4333 -33.7899 
10.9121 154.859 -14.2152 66.7731 -64.1107 -34.5879 
11.3114 155.011 -15.0196 65.9803 -64.8688 -35.6054 
11.7079 155.152 -15.8401 65.1673 -65.7534 -36.5423 
12.1022 155.267 -16.6769 64.5566 -66.7642 -37.18 
12.4849 155.339 -17.5216 64.3418 -67.8683 -37.3494 
12.8481 155.364 -18.3571 64.6485 -68.9947 -36.9425 
13.247 155.352 -19.175 65.3439 -70.148 -35.9558 
13.6796 155.322 -19.965 66.0722 -71.4104 -34.7327 
14.1373 155.284 -20.7281 66.6351 -72.8557 -33.4991 
14.588 155.239 -21.4581 67.2995 -74.4382 -32.0651 
14.9979 155.185 -22.1317 68.5015 -75.9651 -30.0461 
15.3687 155.128 -22.704 69.9965 -77.2843 -27.7092 
15.6916 155.065 -23.2005 71.5898 -78.3586 -25.3369 
15.9976 154.999 -23.6202 72.8792 -79.2319 -23.3618 
16.3213 154.928 -23.9658 73.8774 -79.9831 -21.7136 
16.6633 154.84 -24.2584 74.9966 -80.7296 -19.8799 
17.0186 154.73 -24.5083 76.5221 -81.5668 -17.4717 
17.3652 154.597 -24.7179 79.1036 -82.4241 -13.8077 
17.6829 154.444 -24.873 83.5387 -83.0958 -8.11643 
17.9724 154.279 -24.9509 89.5096 -83.5224 -0.745495 
18.2467 154.113 -24.9352 95.8503 -83.9038 7.1277 
18.5137 153.957 -24.8189 102.069 -84.413 15.0119 
18.7565 153.818 -24.6002 108.132 -84.9125 22.8649 
18.9536 153.697 -24.2714 113.432 -85.2014 30.0887 
19.0906 153.597 -23.8064 117.801 -85.3212 36.5603 
19.1536 153.525 -23.1683 122.285 -85.4723 43.3848 
19.1193 153.486 -22.3189 127.474 -85.7728 51.1608 
18.9435 153.481 -21.2271 132.225 -86.3097 58.5926 
18.5744 153.517 -19.8729 132.708 -87.1905 61.5312 
17.9657 153.601 -18.2519 111.222 -88.1411 42.0644 
17.0722 153.74 -16.3724 61.8397 -87.4788 -5.70839 
15.866 153.921 -14.2526 45.0092 -85.1191 -21.2847 
14.369 154.125 -11.9421 37.5162 -82.5792 -28.1215 
12.6706 154.371 -9.55903 28.0227 -80.3759 -38.0194 
10.9182 154.701 -7.29303 17.7402 -77.9937 -49.9099 
9.29497 155.116 -5.34561 10.8865 -75.0989 -59.138 
8.01159 155.577 -3.8718 7.74302 -72.2702 -64.7099 
7.21333 156.063 -2.95578 5.84312 -70.1924 -68.7301 
6.91778 156.557 -2.6126 4.50559 -68.9198 -72.0803 
7.03998 157.037 -2.82856 5.7103 -68.1429 -73.2084 
7.44929 157.491 -3.56408 11.1355 -67.7098 -70.6328 
8.00852 157.939 -4.73076 19.649 -67.5861 -65.2169 
8.59943 158.42 -6.17085 27.4052 -67.8141 -60.1826 
9.18467 158.946 -7.69741 30.5365 -68.4357 -58.9899 
9.79561 159.502 -9.15852 27.9636 -69.1241 -62.8629 
10.4523 160.069 -10.4611 22.2707 -69.2747 -69.5489 
11.1328 160.648 -11.548 16.7508 -68.8864 -75.7387 
11.7916 161.229 -12.4196 11.733 -68.5455 -80.8397 
12.3957 161.781 -13.1152 5.77267 -68.6597 -86.2395 
12.9049 162.266 -13.6657 -1.10132 -69.0449 -92.3133 
13.3066 162.674 -14.1078 -7.18726 -69.3996 -97.7996 
13.5935 163.003 -14.4435 -11.0017 -69.6083 -101.387 
13.801 163.239 -14.677 -13.061 -69.7302 -103.422 
13.9509 163.37 -14.8295 -14.8883 -69.8566 -105.227 
14.0716 163.419 -14.9281 -17.424 -70.0918 -107.63 
14.1552 163.433 -15.014 -20.5234 -70.4756 -110.516 
14.2048 163.434 -15.0808 -23.7556 -70.932 -113.52 
14.238 163.423 -15.0973 -26.7993 -71.3253 -116.371 
14.2685 163.385 -15.0401 -29.4083 -71.573 -118.84 
14.2808 163.332 -14.9349 -31.5256 -71.7035 -120.884 
14.2481 163.28 -14.8283 -33.3885 -71.7831 -122.736 
14.1811 163.237 -14.7165 -35.1879 -71.8273 -124.533 
14.0758 163.2 -14.597 -36.8413 -71.9017 -126.227 
13.9493 163.16 -14.4534 -38.2798 -71.9902 -127.755 
13.8283 163.105 -14.2828 -39.6799 -71.9884 -129.268 
13.7409 163.019 -14.1015 -41.2333 -71.8431 -130.917 
13.7177 162.893 -13.8819 -42.9616 -71.6066 -132.631 
13.7652 162.724 -13.6086 -45.4818 -71.4749 -134.873 
13.8575 162.513 -13.1805 -50.1338 -71.5077 -138.751 
13.9066 162.229 -12.4805 -58.7988 -71.5062 -146.049 
13.8302 161.792 -11.3768 -71.2575 -70.7184 -156.74 
13.5413 161.114 -9.87611 -83.2078 -68.5872 -167.063 
13.0277 160.183 -8.1114 -90.2081 -65.784 -172.972 
12.3563 159.1 -6.26161 -92.3473 -63.4683 -174.413 
11.6209 158.037 -4.45426 -91.9316 -62.0758 -173.365 
10.9232 157.179 -2.73034 -90.5329 -61.392 -171.295 
10.3472 156.645 -1.1286 -88.0394 -61.0753 -168.296 
9.91835 156.455 0.220746 -84.0217 -60.9249 -164.209 
9.56523 156.579 1.12069 -79.2881 -60.806 -159.988 
9.16961 156.984 1.47543 -75.4968 -60.7047 -157.226 
8.67387 157.62 1.37042 -73.3562 -60.7298 -156.454 
8.11901 158.408 0.996264 -72.0664 -60.9715 -156.7 
7.58514 159.273 0.517416 -70.4157 -61.4157 -156.652 
7.11401 160.163 -0.00566548 -68.0827 -61.9083 -155.95 
6.729 161.028 -0.582414 -65.7339 -62.2334 -155.206 
6.46784 161.823 -1.23775 -64.2746 -62.3246 -155.166 
6.38393 162.53 -1.96142 -64.0858 -62.2958 -155.979 
6.49901 163.157 -2.71831 -65.0723 -62.2325 -157.396 
6.7765 163.717 -3.48571 -66.9332 -62.1061 -159.199 
7.13717 164.206 -4.25791 -69.2863 -61.9017 -161.29 
7.49708 164.609 -5.0215 -71.7463 -61.7218 -163.544 
7.80408 164.926 -5.74878 -74.0678 -61.6808 -165.769 
8.0476 165.173 -6.39783 -76.1743 -61.7313 -167.776 
8.23809 165.366 -6.93533 -78.0601 -61.7171 -169.451 
8.36085 165.506 -7.4031 -79.833 -61.5798 -170.985 
8.42202 165.601 -7.81777 -81.4436 -61.3617 -172.442 
8.43497 165.669 -8.18507 -82.7275 -61.1765 -173.738 
8.42774 165.727 -8.49321 -83.5916 -61.0934 -174.744 
8.42407 165.777 -8.73623 -84.133 -61.0528 -175.441 
8.41909 165.808 -8.95745 -84.6495 -60.9502 -176.087 
8.41718 165.821 -9.16674 -85.233 -60.7603 -176.755 
8.41127 165.823 -9.3611 -85.8183 -60.5611 -177.396 
8.41081 165.82 -9.51983 -86.3084 -60.4238 -177.911 
8.41374 165.813 -9.61094 -86.6137 -60.3515 -178.218 
8.40888 165.795 -9.62987 -86.6888 -60.3226 -178.313 
8.39806 165.762 -9.59322 -86.5327 -60.3089 -178.198 
8.38591 165.708 -9.5242 -86.2147 -60.2743 -177.926 
8.37004 165.624 -9.42991 -85.9296 -60.147 -177.682 
8.35858 165.485 -9.28682 -86.0796 -59.7875 -177.811 
8.32386 165.254 -9.04571 -87.0086 -59.0906 -178.585 
8.20973 164.898 -8.65978 -88.5364 -58.1677 -179.858 
7.97217 164.415 -8.12303 -90.0224 -57.4079 178.817 
7.61812 163.829 -7.49272 -90.919 -57.1571 177.73 
7.21142 163.175 -6.84455 -91.2405 -57.2883 176.805 
6.87941 162.47 -6.23176 -91.5133 -57.3012 175.845 
6.73893 161.739 -5.63293 -92.1269 -56.9225 174.996 
6.79399 161.028 -4.95533 -92.8131 -56.3826 174.799 
6.9994 160.381 -4.1599 -93.1526 -56.0953 175.586 
7.25747 159.804 -3.28066 -92.8236 -56.2012 177.226 
7.48065 159.262 -2.41127 -91.8297 -56.5451 179.243 
7.62012 158.728 -1.65205 -90.3861 -57.0077 -178.837 
7.68371 158.205 -1.04786 -88.6302 -57.6005 -177.076 
7.70549 157.721 -0.60357 -86.5768 -58.2573 -175.242 
7.724 157.317 -0.29764 -84.2544 -58.7891 -173.117 
7.75639 157.062 -0.139622 -81.8867 -59.0984 -170.883 
7.7829 157.016 -0.163485 -79.8388 -59.2834 -169.034 
7.77488 157.187 -0.379952 -78.4609 -59.4898 -168.013 
7.71605 157.517 -0.729004 -77.8085 -59.7476 -167.811 
7.64349 157.928 -1.11886 -77.641 -60.0334 -168.018 
7.59076 158.364 -1.46617 -77.4148 -60.3504 -168.023 
7.58581 158.804 -1.74349 -76.7652 -60.6685 -167.501 
7.60335 159.244 -1.9556 -75.6827 -60.8497 -166.54 
7.61256 159.69 -2.17371 -74.6597 -60.8353 -165.679 
7.62052 160.141 -2.39416 -73.8964 -60.68 -165.056 
7.62978 160.594 -2.62427 -73.2802 -60.5397 -164.562 
7.6415 161.041 -2.8401 -72.4734 -60.5308 -163.879 
7.64823 161.473 -3.03453 -71.374 -60.6355 -162.921 
7.63408 161.892 -3.2217 -70.1591 -60.726 -161.888 
7.59108 162.301 -3.42674 -69.1144 -60.6924 -161.083 
7.5443 162.705 -3.6732 -68.4162 -60.5565 -160.642 
7.50045 163.108 -3.94704 -67.9148 -60.4009 -160.382 
7.48011 163.509 -4.23152 -67.4781 -60.3026 -160.088 
7.50626 163.899 -4.53246 -67.1732 -60.3175 -159.767 
7.56105 164.264 -4.86706 -67.1689 -60.4316 -159.648 
7.61147 164.593 -5.25679 -67.6636 -60.602 -160.042 
7.63164 164.876 -5.70267 -68.7211 -60.7917 -161.082 
7.60294 165.111 -6.18989 -70.2274 -60.9908 -162.667 
7.54914 165.303 -6.64436 -71.8736 -61.1259 -164.395 
7.4828 165.452 -7.05301 -73.4942 -61.133 -166.078 
7.42224 165.558 -7.4154 -75.0044 -61.011 -167.627 
7.38572 165.628 -7.74367 -76.4219 -60.854 -169.05 
7.38 165.665 -8.05746 -77.8164 -60.7478 -170.41 
7.40091 165.68 -8.35671 -79.2141 -60.6734 -171.73 
7.43438 165.675 -8.6248 -80.5661 -60.5622 -172.978 
7.45994 165.649 -8.84577 -81.7862 -60.4048 -174.101 
7.46623 165.611 -9.00702 -82.7697 -60.2528 -175.014 
7.43775 165.569 -9.11976 -83.4492 -60.1595 -175.706 
7.38819 165.525 -9.20698 -83.8802 -60.1276 -176.235 
7.35574 165.481 -9.27443 -84.1756 -60.1245 -176.65 
7.33964 165.431 -9.31859 -84.4601 -60.116 -177.013 
7.33231 165.364 -9.35894 -84.963 -60.0905 -177.53 
7.35813 165.272 -9.43953 -85.9472 -60.0495 -178.456 
7.41668 165.159 -9.53152 -87.2634 -59.9853 -179.684 
7.51332 165.033 -9.61249 -88.6702 -59.8813 179.027 
7.63487 164.9 -9.69096 -90.0239 -59.7428 177.809 
7.79009 164.769 -9.7226 -91.1584 -59.5349 176.899 
7.95834 164.623 -9.72079 -92.2525 -59.1769 176.104 
8.12559 164.433 -9.66282 -93.5763 -58.6348 175.166 
8.24731 164.175 -9.56766 -95.437 -58.0806 173.724 
8.27428 163.854 -9.41263 -97.6385 -57.646 171.887 
8.17461 163.5 -9.14132 -99.6584 -57.2634 170.068 
7.94698 163.118 -8.70906 -101.078 -56.7207 168.622 
7.65125 162.693 -8.11375 -101.889 -55.989 167.617 
7.37512 162.21 -7.39224 -102.288 -55.3882 166.979 
7.18326 161.693 -6.57579 -102.307 -55.3205 166.821 
7.08106 161.193 -5.66797 -101.696 -55.9273 167.517 
7.03869 160.761 -4.67855 -99.9984 -56.9782 169.528 
7.01017 160.431 -3.6842 -96.8592 -58.0509 173.031 
6.95105 160.193 -2.81712 -92.6934 -58.8051 177.404 
6.82952 160.019 -2.19041 -88.6866 -59.1757 -178.589 
6.64813 159.897 -1.84715 -85.8171 -59.3795 -175.864 
6.43591 159.86 -1.74847 -83.9022 -59.6761 -174.254 
6.21216 159.944 -1.81294 -82.1691 -60.0771 -173.07 
5.97839 160.135 -1.95539 -80.223 -60.4348 -171.88 
5.75181 160.369 -2.13902 -78.3142 -60.6876 -170.745 
5.56076 160.602 -2.36327 -76.712 -60.8808 -169.8 
5.42371 160.836 -2.62106 -75.3622 -61.0291 -169.01 
5.33528 161.089 -2.9147 -74.1339 -61.1088 -168.267 
5.29033 161.36 -3.21566 -73.0504 -61.1438 -167.539 
5.29705 161.634 -3.51865 -72.1598 -61.2206 -166.837 
5.3702 161.912 -3.84319 -71.5032 -61.3813 -166.251 
5.45104 162.202 -4.21413 -71.0849 -61.5315 -165.965 
5.54756 162.498 -4.62044 -71.0161 -61.5246 -166.071 
5.65872 162.779 -5.03844 -71.1998 -61.3538 -166.464 
5.79224 163.032 -5.45992 -71.4348 -61.1706 -166.924 
5.95536 163.265 -5.89256 -71.7769 -61.1519 -167.448 
6.13196 163.48 -6.35201 -72.4407 -61.2983 -168.184 
6.31782 163.667 -6.84727 -73.5392 -61.5071 -169.229 
6.4858 163.82 -7.36577 -74.9052 -61.6733 -170.504 
6.65072 163.95 -7.88714 -76.2787 -61.7301 -171.833 
6.80822 164.068 -8.38274 -77.5996 -61.6581 -173.125 
6.97519 164.173 -8.82863 -78.8931 -61.5257 -174.309 
7.163 164.256 -9.23172 -80.1119 -61.4487 -175.327 
7.36884 164.325 -9.63183 -81.2686 -61.4671 -176.273 
7.58232 164.395 -10.0561 -82.541 -61.4947 -177.362 
7.81024 164.469 -10.501 -84.133 -61.4262 -178.71 
8.06646 164.535 -10.9173 -85.866 -61.2033 179.93 
8.34181 164.578 -11.2978 -87.4947 -60.8352 178.734 
8.62161 164.605 -11.647 -89.0353 -60.3627 177.631 
8.88793 164.62 -11.9819 -90.7306 -59.8165 176.391 
9.13878 164.622 -12.2838 -92.5534 -59.1999 175.076 
9.38018 164.609 -12.5128 -94.1518 -58.5452 174.019 
9.60518 164.586 -12.6615 -95.3621 -57.9266 173.356 
9.79559 164.566 -12.7534 -96.3861 -57.3764 172.888 
9.93654 164.543 -12.8169 -97.4147 -56.8264 172.381 
10.0311 164.517 -12.8481 -98.3073 -56.2063 171.897 
10.0899 164.496 -12.8268 -98.8906 -55.5393 171.595 
10.1048 164.471 -12.7757 -99.3484 -54.903 171.375 
10.0745 164.456 -12.693 -99.8879 -54.3471 171.144 
10.0083 164.441 -12.5698 -100.498 -53.887 170.913 
9.92124 164.418 -12.412 -101.047 -53.5399 170.729 
9.84364 164.385 -12.2096 -101.504 -53.2695 170.637 
9.78323 164.341 -11.9906 -102.036 -52.9576 170.519 
9.73524 164.278 -11.7762 -102.78 -52.5437 170.287 
9.68369 164.195 -11.573 -103.744 -52.1297 169.933 
9.60972 164.096 -11.3703 -104.803 -51.8686 169.525 
9.50212 163.997 -11.1464 -105.743 -51.8097 169.18 
9.35237 163.909 -10.8857 -106.37 -51.9266 168.981 
9.14798 163.84 -10.5863 -106.636 -52.2043 168.909 
8.89037 163.782 -10.2669 -106.706 -52.6424 168.848 
8.58769 163.727 -9.94857 -106.75 -53.2303 168.712 
8.24651 163.664 -9.63952 -106.81 -53.9666 168.505 
7.88628 163.585 -9.34065 -106.842 -54.8365 168.267 
7.527 163.497 -8.99927 -106.671 -55.8588 168.175 
7.16955 163.405 -8.64229 -106.354 -57.058 168.168 
6.80839 163.316 -8.29343 -105.962 -58.4564 168.205 
6.44861 163.235 -7.95499 -105.547 -60.0045 168.248 
6.09867 163.161 -7.65612 -105.171 -61.613 168.218 
5.76695 163.091 -7.40117 -104.905 -63.275 168.021 
5.45777 163.025 -7.18652 -104.794 -65.0536 167.597 
5.17772 162.961 -7.02006 -104.786 -66.9557 166.974 
4.93904 162.902 -6.89417 -104.771 -68.9083 166.249 
4.76062 162.849 -6.80281 -104.729 -70.8713 165.488 
4.64663 162.802 -6.74164 -104.736 -72.842 164.697 
4.59067 162.762 -6.70705 -104.809 -74.7691 163.918 
4.58795 162.721 -6.70005 -104.859 -76.6029 163.225 
4.64049 162.677 -6.72819 -104.839 -78.4117 162.577 
4.75341 162.635 -6.80666 -104.842 -80.3177 161.761 
4.92154 162.599 -6.94692 -104.921 -82.3068 160.663 
5.13447 162.576 -7.14729 -104.748 -84.1911 159.655 
5.39409 162.551 -7.39241 -103.216 -85.7423 159.961 
5.71837 162.536 -7.67051 -98.576 -86.7873 163.458 
6.13575 162.538 -7.9758 -91.0932 -87.1778 170.014 
6.64778 162.551 -8.33198 -86.8269 -86.8583 173.684 
7.26442 162.561 -8.71912 -88.1876 -85.915 172.188 
7.96995 162.544 -9.09325 -91.8725 -84.4142 168.89 
8.72816 162.494 -9.39377 -95.129 -82.4362 166.513 
9.49825 162.411 -9.56377 -97.2167 -79.9899 165.672 
10.2369 162.302 -9.56905 -98.438 -77.1369 165.906 
10.906 162.161 -9.40736 -99.2833 -73.9825 166.616 
11.4679 161.991 -9.09391 -100.038 -70.5545 167.484 
11.884 161.806 -8.65377 -100.914 -66.7957 168.316 
12.1176 161.62 -8.10594 -102.144 -62.7791 168.913 
12.1415 161.45 -7.45833 -103.855 -58.8556 169.197 
11.9297 161.306 -6.71959 -105.946 -55.561 169.246 
11.4671 161.196 -5.92206 -108.063 -53.4398 169.14 
10.7554 161.14 -5.12081 -109.766 -52.8377 168.795 
9.82938 161.174 -4.37342 -110.617 -53.7968 168.149 
8.78863 161.346 -3.72393 -110.166 -56.0342 167.493 
7.78522 161.657 -3.1892 -107.808 -59.1066 167.58 
7.02292 162.067 -2.77212 -102.763 -62.5376 169.511 
6.69189 162.535 -2.4983 -94.5296 -65.7752 174.282 
6.88873 163.051 -2.41435 -83.7691 -68.2028 -178.109 
7.57526 163.609 -2.56413 -73.5291 -69.4387 -169.964 
8.58854 164.164 -2.92441 -68.1933 -69.6967 -165.088 
9.71223 164.615 -3.37454 -70.3577 -69.3203 -165.865 
10.7213 164.854 -3.7197 -79.1093 -68.0068 -171.708 
11.4263 164.834 -3.76383 -89.7926 -65.3449 -178.922 
11.7088 164.625 -3.3939 -97.7032 -61.9583 176.048 
11.5656 164.398 -2.63289 -101.008 -59.2023 174.239 
11.1545 164.31 -1.66574 -99.9507 -57.9471 175.201 
10.7284 164.418 -0.768434 -95.5882 -58.1779 178.116 
10.5243 164.691 -0.198039 -89.9336 -59.2778 -178.298 
10.6119 165.075 -0.00863573 -85.658 -60.5277 -175.624 
10.8751 165.501 -0.0710917 -84.4965 -61.4505 -174.846 
11.1527 165.863 -0.181167 -85.9276 -61.7776 -175.545 
11.3595 166.063 -0.232584 -87.8785 -61.5865 -176.491 
11.4907 166.08 -0.233691 -88.8753 -61.2286 -176.964 
11.5544 165.992 -0.233885 -88.8115 -61.0333 -177.039 
11.5332 165.904 -0.263807 -88.328 -61.0257 -177.102 
11.4325 165.862 -0.30545 -87.8592 -61.1161 -177.314 
11.3045 165.829 -0.344519 -87.5013 -61.1435 -177.653 
11.2413 165.762 -0.393304 -87.4261 -60.9836 -178.155 
11.2555 165.673 -0.465382 -87.9205 -60.5622 -178.964 
11.2978 165.618 -0.538251 -89.0496 -59.927 179.944 
11.2962 165.606 -0.592417 -90.3051 -59.3088 178.939 
11.2413 165.619 -0.596469 -91.024 -58.933 178.445 
11.1506 165.632 -0.601848 -91.1077 -58.8386 178.348 
11.0623 165.629 -0.629576 -90.9303 -58.8683 178.322 
10.9368 165.631 -0.735992 -90.9627 -58.8769 177.96 
10.7691 165.655 -0.873114 -91.1437 -58.86 177.447 
10.5641 165.689 -1.01963 -91.3088 -58.8977 176.945 
10.3755 165.722 -1.15887 -91.5024 -59.0106 176.463 
10.2177 165.764 -1.3356 -92.0219 -59.1069 175.773 
10.084 165.833 -1.5606 -92.9295 -59.0914 174.884 
9.96903 165.929 -1.77917 -93.891 -59.0336 174.072 
9.8846 166.022 -1.96222 -94.6105 -59.0264 173.44 
9.86286 166.083 -2.11404 -95.1269 -59.1078 172.861 
9.88849 166.119 -2.25862 -95.6824 -59.1355 172.162 
9.91241 166.159 -2.40025 -96.3784 -59.055 171.398 
9.88678 166.208 -2.5217 -96.9845 -58.9274 170.796 
9.81615 166.24 -2.60136 -97.2876 -58.8867 170.48 
9.76705 166.24 -2.62097 -97.3257 -58.9397 170.368 
9.7097 166.221 -2.62526 -97.3341 -58.9687 170.221 
9.63279 166.21 -2.57802 -97.2117 -58.9382 170.238 
9.4989 166.2 -2.55026 -96.8758 -58.9338 170.377 
9.36555 166.177 -2.52264 -96.1707 -59.0232 170.79 
9.27589 166.137 -2.51348 -95.3582 -59.1233 171.283 
9.22904 166.104 -2.55439 -94.8734 -59.1276 171.559 
9.2029 166.111 -2.61352 -94.7693 -59.0009 171.666 
9.19236 166.161 -2.66689 -94.924 -58.8261 171.699 
9.22238 166.219 -2.7325 -95.356 -58.6943 171.554 
9.31618 166.253 -2.81557 -96.1525 -58.5599 171.146 
9.43733 166.264 -2.94719 -97.4433 -58.3541 170.324 
9.5345 166.274 -3.10891 -99.0159 -58.0992 169.261 
9.58654 166.292 -3.22959 -100.378 -57.941 168.359 
9.60888 166.288 -3.29995 -101.285 -57.9652 167.742 
9.62324 166.243 -3.32951 -101.834 -58.1026 167.338 
9.61273 166.184 -3.331 -102.169 -58.161 167.112 
9.53839 166.158 -3.27871 -102.087 -58.1267 167.273 
9.4221 166.167 -3.18168 -101.396 -58.1747 167.943 
9.28213 166.177 -3.05308 -100.13 -58.3747 168.991 
9.14422 166.166 -2.94492 -98.8532 -58.6015 169.97 
9.00357 166.149 -2.92287 -98.1098 -58.6853 170.474 
8.87446 166.166 -2.94868 -97.7739 -58.6907 170.658 
8.77876 166.221 -3.0289 -97.6293 -58.7126 170.658 
8.74579 166.283 -3.12752 -97.6038 -58.7593 170.615 
8.74754 166.33 -3.21219 -97.7795 -58.7434 170.569 
8.77218 166.363 -3.29396 -98.1452 -58.6612 170.532 
8.80794 166.391 -3.35923 -98.3426 -58.6104 170.693 
8.87064 166.413 -3.40305 -98.2332 -58.6337 171.059 
8.9629 166.411 -3.44149 -98.0931 -58.6718 171.406 
9.0357 166.378 -3.4982 -98.1735 -58.6293 171.559 
9.0955 166.335 -3.57806 -98.471 -58.48 171.581 
9.14654 166.308 -3.65256 -98.6963 -58.3137 171.657 
9.19323 166.304 -3.72495 -98.8234 -58.2272 171.749 
9.23092 166.297 -3.79346 -99.0024 -58.2057 171.79 
9.25231 166.294 -3.87311 -99.3527 -58.1493 171.736 
9.23946 166.296 -3.95841 -99.656 -58.0283 171.707 
9.21929 166.317 -4.04293 -99.7258 -57.9155 171.721 
9.18972 166.351 -4.13076 -99.699 -57.8549 171.662 
9.1174 166.384 -4.20606 -99.7362 -57.7911 171.512 
9.01613 166.409 -4.26829 -99.818 -57.6615 171.4 
8.89987 166.436 -4.31145 -99.6754 -57.5357 171.474 
8.8255 166.46 -4.38385 -99.4581 -57.479 171.524 
8.76091 166.485 -4.46684 -99.3547 -57.4587 171.449 
8.69769 166.507 -4.54129 -99.5232 -57.3843 171.226 
8.65476 166.528 -4.58607 -99.758 -57.2449 171.071 
8.631 166.549 -4.61635 -99.791 -57.1373 171.053 
8.65128 166.563 -4.62694 -99.6966 -57.1151 171.112 
8.66473 166.567 -4.60362 -99.6059 -57.1238 171.208 
8.67119 166.553 -4.57198 -99.6537 -57.08 171.288 
8.67543 166.527 -4.55143 -99.6537 -57.0032 171.391 
8.72906 166.496 -4.54152 -99.5899 -56.9711 171.483 
8.79782 166.464 -4.50688 -99.5484 -56.983 171.514 
8.84494 166.436 -4.42251 -99.5854 -56.9746 171.56 
8.88308 166.409 -4.29763 -99.5772 -56.9173 171.775 
8.9196 166.381 -4.15433 -99.2834 -56.8686 172.215 
8.96774 166.347 -4.01422 -98.8309 -56.868 172.698 
8.99234 166.306 -3.88457 -98.5244 -56.8551 173.015 
8.9843 166.258 -3.77978 -98.4643 -56.7937 173.153 
8.95272 166.214 -3.68952 -98.3698 -56.7172 173.283 
8.95576 166.175 -3.60442 -98.1316 -56.7126 173.458 
8.98982 166.142 -3.50278 -97.9224 -56.778 173.571 
9.02673 166.112 -3.38134 -97.9426 -56.8148 173.572 
9.07704 166.077 -3.26732 -98.1425 -56.7664 173.544 
9.1377 166.039 -3.17032 -98.1739 -56.7043 173.651 
9.24443 165.994 -3.08903 -98.0957 -56.6934 173.835 
9.34802 165.946 -2.99495 -98.0842 -56.7061 174.004 
9.45092 165.894 -2.8954 -98.3286 -56.6742 174.088 
9.53738 165.845 -2.80286 -98.565 -56.6037 174.174 
9.61618 165.803 -2.71315 -98.518 -56.5746 174.353 
9.71234 165.764 -2.63657 -98.3973 -56.5991 174.496 
9.77353 165.728 -2.54832 -98.343 -56.6166 174.589 
9.80746 165.692 -2.46332 -98.4676 -56.5927 174.609 
9.81237 165.659 -2.38714 -98.5033 -56.5856 174.644 
9.81306 165.628 -2.31697 -98.3259 -56.6552 174.731 
9.8217 165.595 -2.24579 -98.125 -56.7632 174.784 
9.79062 165.561 -2.16021 -97.9663 -56.831 174.84 
9.74925 165.523 -2.06915 -97.837 -56.8321 174.941 
9.7514 165.48 -1.98345 -97.6331 -56.8245 175.123 
9.7694 165.43 -1.87876 -97.3509 -56.8486 175.358 
9.79797 165.367 -1.74786 -97.1958 -56.8732 175.565 
9.82552 165.294 -1.60371 -97.2495 -56.8386 175.725 
9.85051 165.218 -1.43921 -97.2389 -56.7581 175.945 
9.88701 165.157 -1.27212 -96.9377 -56.7029 176.34 
9.93208 165.116 -1.13099 -96.628 -56.6963 176.702 
9.94912 165.098 -1.03878 -96.6351 -56.6642 176.853 
9.93542 165.096 -0.988261 -96.9523 -56.5526 176.814 
9.89597 165.099 -0.930622 -97.1765 -56.3927 176.811 
9.84387 165.104 -0.847218 -97.0919 -56.3072 176.921 
9.78211 165.112 -0.745859 -96.7948 -56.3307 177.088 
9.71524 165.121 -0.650929 -96.5331 -56.4081 177.206 
9.64055 165.12 -0.569369 -96.3738 -56.4752 177.276 
9.57733 165.106 -0.498019 -96.2972 -56.5035 177.303 
9.54092 165.084 -0.422646 -96.2634 -56.5071 177.327 
9.53197 165.057 -0.342535 -96.2645 -56.4802 177.367 
9.54653 165.026 -0.261972 -96.2786 -56.4204 177.448 
9.56328 164.995 -0.183234 -96.2552 -56.3125 177.592 
9.56871 164.964 -0.100466 -96.1963 -56.1654 177.749 
9.55255 164.931 -0.0119198 -96.1547 -55.9753 177.851 
9.5059 164.891 0.077905 -96.1684 -55.7725 177.883 
9.42418 164.847 0.152935 -96.2329 -55.5962 177.88 
9.30269 164.806 0.200946 -96.3178 -55.4413 177.883 
9.14466 164.781 0.232999 -96.3676 -55.231 177.954 
8.95118 164.775 0.237172 -96.4171 -54.891 178.038 
8.70994 164.778 0.209771 -96.4767 -54.4588 178.118 
8.42643 164.766 0.142912 -96.6233 -54.0301 178.186 
8.10947 164.721 0.0764217 -96.8451 -53.6761 178.337 
7.7508 164.641 0.0103699 -97.1164 -53.3791 178.601 
7.38003 164.547 -0.0360488 -97.3093 -53.1667 179.06 
6.99374 164.462 -0.0691697 -97.3227 -53.1773 179.705 
6.5711 164.392 -0.0987199 -97.1342 -53.5073 -179.567 
6.09092 164.323 -0.148345 -96.8414 -54.1057 -178.949 
5.53452 164.248 -0.211272 -96.4698 -54.8497 -178.492 
4.88634 164.165 -0.263985 -95.9487 -55.7123 -178.113 
4.12139 164.079 -0.300559 -95.215 -56.7601 -177.74 
3.26771 163.997 -0.33267 -94.3626 -58.0733 -177.373 
2.38475 163.915 -0.330284 -93.4272 -59.6762 -176.931 
1.53823 163.824 -0.269183 -92.5192 -61.4738 -176.485 
0.772195 163.716 -0.148928 -91.7388 -63.2848 -176.187 
0.0998653 163.601 0.0496851 -91.0212 -64.985 -176.05 
-0.502543 163.506 0.326093 -90.2125 -66.5736 -176.016 
-1.07567 163.458 0.663133 -89.1559 -68.1065 -176 
-1.63933 163.473 1.04362 -87.6951 -69.5623 -175.867 
-2.16296 163.546 1.46272 -85.502 -70.7364 -175.274 
-2.56099 163.663 1.92895 -82.1514 -71.2005 -173.737 
-2.73789 163.797 2.46207 -77.8341 -70.505 -171.249 
-2.64634 163.884 3.04587 -73.8979 -68.5634 -168.767 
-2.30946 163.862 3.70151 -71.3608 -65.8725 -166.881 
-1.82943 163.683 4.39097 -70.3145 -63.1622 -165.576 
-1.31726 163.34 5.05838 -70.2767 -61.0057 -164.574 
-0.874412 162.866 5.64352 -70.8428 -59.5178 -163.881 
-0.562664 162.328 6.11839 -71.7838 -58.5399 -163.605 
-0.401153 161.823 6.49443 -72.9061 -57.83 -163.701 
-0.382293 161.451 6.79322 -74.0134 -57.209 -163.946 
-0.486219 161.272 7.01014 -75.0621 -56.5792 -164.21 
-0.703759 161.293 7.11966 -76.1767 -55.9275 -164.561 
-1.05604 161.471 7.11311 -77.4795 -55.4863 -165.114 
-1.55341 161.755 7.02073 -78.9479 -55.7882 -165.789 
-2.21966 162.106 6.89691 -80.3279 -57.5904 -166.249 
-3.05425 162.474 6.78642 -81.2262 -61.5981 -165.986 
-4.04184 162.752 6.72881 -80.7184 -68.3271 -163.986 
-5.14794 162.759 6.79047 -74.6585 -77.7807 -156.186 
-6.3117 162.329 7.05991 -1.40931 -86.3718 -81.4337 
-7.42673 161.404 7.58025 69.8938 -77.3623 -9.57866 
-8.33243 160.052 8.30192 77.5731 -67.3944 -2.57574 
-8.87932 158.429 9.13207 80.5791 -59.9845 -1.04311 
-8.97626 156.698 10.0034 82.651 -54.9576 -0.75929 
-8.61574 154.994 10.8936 84.4626 -51.5903 -0.955526 
-7.86581 153.4 11.7652 85.9901 -49.4246 -1.80522 
-6.82909 151.966 12.5302 87.0098 -48.3488 -3.59713 
-5.60757 150.749 13.0707 87.4944 -48.2441 -6.38272 
-4.26392 149.805 13.3018 87.6674 -48.8429 -10.0112 
-2.81344 149.176 13.2328 87.3821 -50.0901 -14.5767 
-1.23377 148.876 12.9654 85.6064 -52.2425 -20.7467 
0.497674 148.88 12.6386 80.8473 -55.2024 -29.4017 
2.36849 149.121 12.3331 72.5445 -58.1325 -40.5161 
4.31527 149.486 12.0457 62.2766 -60.1279 -52.2757 
6.25288 149.864 11.7387 52.748 -61.1214 -62.3298 
8.12436 150.194 11.4099 45.3405 -61.6346 -69.8681 
9.91148 150.488 11.1055 39.6518 -62.07 -75.597 
11.6101 150.807 10.8847 34.5403 -62.5242 -80.6455 
13.2001 151.193 10.7816 29.3081 -62.9062 -85.7079 
14.6515 151.643 10.8172 24.028 -63.098 -90.8302 
15.9267 152.118 10.9993 18.8932 -63.1255 -95.9403 
16.9866 152.564 11.3422 13.5973 -63.0585 -101.35 
17.7727 152.928 11.8581 7.56498 -62.8794 -107.574 
18.205 153.21 12.5345 0.587222 -62.508 -114.797 
18.1878 153.428 13.3246 -6.86978 -61.8827 -122.62 
17.6308 153.592 14.1725 -14.104 -60.901 -130.451 
16.4859 153.681 15.0376 -21.0799 -59.0019 -138.24 
14.7869 153.64 15.9202 -28.3704 -54.8064 -146.265 
12.6685 153.393 16.8737 -36.19 -46.3495 -154.239 
10.3157 152.88 17.9546 -43.9982 -32.5076 -161.509 
7.91681 152.108 19.12 -50.9963 -15.3385 -167.576 
5.66655 151.19 20.2361 -56.2793 -0.275209 -171.608 
3.65594 150.273 21.1575 -59.3177 9.41609 -173.295 
1.90831 149.478 21.774 -60.6066 14.3405 -173.303 
0.440583 148.864 22.0535 -61.251 16.5112 -172.523 
-0.74037 148.413 22.0634 -61.8868 17.4486 -171.764 
-1.66106 148.072 21.9082 -62.4159 17.7904 -171.511 
-2.38146 147.791 21.6857 -62.7297 17.8791 -171.729 
-2.96961 147.538 21.4629 -63.1348 18.0423 -171.922 
-3.47687 147.308 21.276 -64.0172 18.4327 -171.585 
-3.91398 147.127 21.1226 -65.4734 18.9389 -170.536 
-4.27999 147.028 20.9734 -67.2231 19.3916 -169.005 
-4.55561 147.023 20.7777 -68.9249 19.6769 -167.436 
-4.73884 147.089 20.507 -70.3721 19.7146 -166.159 
-4.8481 147.194 20.1804 -71.5889 19.4778 -165.197 
-4.91638 147.313 19.8407 -72.7338 19.0335 -164.381 
-4.97729 147.428 19.526 -73.9506 18.4838 -163.539 
-5.05234 147.536 19.2487 -75.2537 17.8761 -162.603 
-5.14314 147.642 19.0014 -76.5498 17.211 -161.621 
-5.23297 147.756 18.7705 -77.7145 16.4793 -160.707 
-5.28867 147.889 18.5257 -78.6898 15.6268 -159.984 
-5.32391 148.03 18.2731 -79.4679 14.6111 -159.442 
-5.34144 148.171 18.0009 -80.1347 13.3776 -159.018 
-5.36223 148.313 17.7052 -80.7274 11.8465 -158.578 
-5.40851 148.466 17.377 -81.2345 9.90797 -157.98 
-5.4971 148.653 16.9867 -81.6824 7.55938 -157.196 
-5.63839 148.889 16.5194 -82.1248 4.85554 -156.308 
-5.81307 149.19 15.9519 -82.5783 1.5395 -155.349 
-6.01348 149.585 15.23 -82.911 -3.01075 -154.161 
-6.2409 150.086 14.3033 -82.8588 -9.40832 -152.295 
-6.5496 150.682 13.1077 -81.8864 -17.8558 -149.165 
-7.05785 151.334 11.5956 -79.2531 -27.9012 -144.255 
-7.90132 152.007 9.81371 -74.7034 -37.9825 -137.722 
-9.09557 152.688 7.90335 -69.5224 -46.0933 -131.069 
-10.5538 153.379 6.07058 -66.313 -51.2461 -126.765 
-12.1581 154.094 4.44009 -66.4319 -53.9959 -126.093 
-13.8499 154.825 3.02663 -68.7178 -55.4095 -128.049 
-15.6278 155.539 1.77969 -71.1514 -56.509 -130.716 
-17.49 156.211 0.648735 -72.891 -57.914 -133.249 
-19.3958 156.83 -0.388612 -74.1947 -59.752 -135.864 
-21.2709 157.392 -1.33768 -75.7019 -61.7903 -139.044 
-23.0467 157.882 -2.19338 -77.9325 -63.6237 -143.011 
-24.6883 158.298 -2.93575 -80.8986 -64.9717 -147.549 
-26.1893 158.653 -3.5381 -83.9735 -65.8572 -151.997 
-27.5486 158.964 -3.98822 -86.3583 -66.4925 -155.647 
-28.7593 159.233 -4.29359 -87.7013 -67.0051 -158.2 
-29.8103 159.444 -4.47991 -88.2304 -67.3895 -159.836 
-30.7002 159.583 -4.58575 -88.4698 -67.6525 -161.001 
-31.4519 159.651 -4.64575 -88.8161 -67.8704 -162.086 
-32.0996 159.672 -4.68297 -89.4475 -68.1014 -163.351 
-32.675 159.677 -4.70233 -90.3884 -68.3222 -164.927 
-33.2034 159.681 -4.70276 -91.5711 -68.4844 -166.813 
-33.7149 159.681 -4.68086 -92.7802 -68.5657 -168.808 
-34.2165 159.666 -4.65493 -93.8898 -68.57 -170.738 
-34.6964 159.635 -4.64972 -94.9669 -68.489 -172.62 
-35.1487 159.595 -4.66693 -96.1478 -68.3297 -174.609 
-35.5718 159.558 -4.69301 -97.5307 -68.1436 -176.841 
-35.9641 159.527 -4.71634 -99.0642 -67.9746 -179.241 
-36.3239 159.5 -4.73669 -100.535 -67.8157 178.476 
-36.645 159.472 -4.76297 -101.737 -67.6035 176.565 
-36.9267 159.446 -4.79144 -102.587 -67.2448 175.059 
-37.1707 159.426 -4.81166 -103.205 -66.6675 173.724 
-37.377 159.411 -4.82502 -103.781 -65.904 172.274 
-37.5557 159.393 -4.82846 -104.313 -65.0653 170.657 
-37.7054 159.361 -4.81949 -104.727 -64.2684 168.968 
-37.8029 159.303 -4.79662 -105.015 -63.5656 167.349 
-37.8284 159.209 -4.7555 -105.232 -62.9802 165.905 
-37.7758 159.081 -4.68687 -105.375 -62.4377 164.689 
-37.6538 158.921 -4.57982 -105.371 -61.7942 163.622 
-37.474 158.726 -4.42962 -105.185 -60.9867 162.54 
-37.2438 158.493 -4.24224 -104.824 -60.0881 161.351 
-36.9696 158.22 -4.02316 -104.228 -59.2347 160.149 
-36.6556 157.912 -3.76777 -103.304 -58.5438 159.098 
-36.3176 157.581 -3.46564 -102.058 -58.1409 158.277 
-35.9745 157.246 -3.1148 -100.637 -58.1085 157.654 
-35.6377 156.926 -2.71967 -99.1345 -58.4013 157.212 
-35.2988 156.642 -2.27201 -97.4138 -58.8092 157.079 
-34.9249 156.393 -1.73837 -95.1982 -59.0829 157.43 
-34.5008 156.154 -1.05663 -92.2585 -59.0306 158.346 
-34.0206 155.88 -0.153942 -88.5042 -58.5828 159.804 
-33.4233 155.52 1.04006 -83.8951 -57.8096 161.835 
-32.5851 155.055 2.55277 -78.4268 -56.8914 164.545 
-31.4078 154.531 4.34683 -72.1856 -56.0029 168.025 
-29.8646 154.032 6.34048 -65.4765 -55.1193 172.189 
-27.9573 153.632 8.45463 -58.835 -54.0854 176.731 
-25.6857 153.375 10.6416 -52.7712 -52.8747 -178.629 
-23.0459 153.26 12.8818 -47.3086 -51.6777 -173.713 
-20.0237 153.268 15.1312 -42.1709 -50.6383 -168.103 
-16.5966 153.388 17.2664 -37.2592 -49.8575 -161.627 
-12.7923 153.628 19.1068 -32.7548 -49.5817 -154.449 
-8.72346 154.005 20.478 -28.8122 -50.1182 -146.701 
-4.61925 154.495 21.3103 -25.4433 -51.4519 -138.412 
-0.783474 155.039 21.6414 -22.7075 -53.1578 -129.876 
2.4591 155.576 21.5437 -20.5063 -54.8702 -121.489 
4.77992 156.082 21.0755 -18.0004 -56.5392 -113.026 
5.91717 156.555 20.2804 -13.7219 -58.1881 -103.474 
5.72773 156.967 19.2373 -7.048 -59.4184 -92.5045 
4.20023 157.235 18.0855 0.291709 -59.5908 -82.3218 
1.50113 157.298 16.9491 5.63145 -58.7263 -76.2585 
-2.01685 157.178 15.8263 8.81816 -57.6178 -74.7406 
-5.86432 156.965 14.5858 12.0262 -57.3834 -74.9014 
-9.59309 156.747 13.1176 17.2331 -59.118 -73.2821 
-12.9153 156.568 11.4765 25.2514 -63.0156 -67.7823 
-15.6981 156.43 9.86711 36.6358 -67.8666 -57.5241 
-17.955 156.367 8.51213 51.8482 -71.7623 -42.6673 
-19.8192 156.364 7.50768 68.5751 -73.5687 -26.1887 
-21.4533 156.372 6.8227 81.3856 -73.7899 -13.8239 
-22.9172 156.34 6.38173 87.6838 -73.857 -8.21564 
-24.1639 156.257 6.12193 88.7625 -74.4258 -7.91649 
-25.158 156.156 5.94537 87.6387 -75.2014 -9.59137 
-25.9671 156.083 5.74407 87.689 -75.7785 -9.76083 
-26.6624 156.042 5.4875 90.4327 -76.1257 -7.06911 
-27.312 155.989 5.2071 95.2114 -76.3589 -2.41135 
-27.8872 155.897 4.98124 100.212 -76.5318 2.40307 
-28.3257 155.779 4.86861 104.086 -76.6526 6.12767 
-28.5761 155.664 4.88464 106.326 -76.6961 8.36759 
-28.648 155.539 5.02868 106.913 -76.6805 9.20659 
-28.5956 155.364 5.29889 106.028 -76.666 8.87851 
-28.4652 155.123 5.67151 104.135 -76.7081 7.76174 
-28.2681 154.857 6.1484 101.611 -76.8244 5.95439 
-27.9619 154.6 6.69582 99.2472 -76.958 3.99476 
-27.5068 154.311 7.27609 98.0302 -77.0517 2.72962 
-26.93 153.892 7.87402 98.6898 -76.9737 2.87422 
-26.2996 153.299 8.52783 101.286 -76.4458 4.44256 
-25.6183 152.605 9.33046 105.088 -75.082 6.50675 
-24.7669 151.999 10.3655 108.76 -72.6814 7.57718 
-23.5855 151.69 11.6359 110.835 -69.5613 6.5033 
-21.9827 151.804 13.0574 109.635 -66.6259 2.62309 
-19.9983 152.335 14.5161 103.402 -64.6502 -4.58595 
-17.7812 153.166 15.8962 91.5911 -63.4033 -15.0233 
-15.591 154.153 17.0692 77.3301 -62.0212 -26.125 
-13.6994 155.242 17.9588 66.6031 -60.4971 -33.6278 
-12.2282 156.422 18.5836 62.594 -59.5198 -35.6969 
-11.1924 157.609 18.9814 64.2641 -58.9618 -33.3135 
-10.5803 158.675 19.1355 68.0913 -58.3005 -29.2243 
-10.3339 159.523 19.0002 71.4983 -57.7281 -25.5923 
-10.3204 160.117 18.5594 74.6155 -57.9 -22.2638 
-10.4056 160.507 17.8786 78.7905 -58.9991 -17.9806 
-10.5412 160.787 17.1132 84.1586 -60.3775 -12.6593 
-10.7506 161.029 16.416 89.1576 -61.2217 -7.82051 
-11.0603 161.257 15.894 92.1894 -61.2955 -4.9913 
-11.4514 161.473 15.5254 93.3119 -60.962 -4.08557 
-11.8559 161.67 15.2013 93.9204 -60.6468 -3.66277 
-12.1957 161.825 14.8314 95.287 -60.6892 -2.26218 
-12.4287 161.911 14.4826 97.2525 -61.2629 0.11898 
-12.5515 161.943 14.2409 98.7011 -62.2154 2.29906 
-12.5834 161.979 14.1888 98.5576 -63.0941 2.87643 
-12.5394 162.036 14.2991 97.0565 -63.545 1.88 
-12.4246 162.112 14.4349 95.5665 -63.5789 0.758286 
-12.2655 162.189 14.52 94.9463 -63.5463 0.539055 
-12.0874 162.248 14.5287 95.1737 -63.6501 1.27761 
-11.9413 162.28 14.4927 95.8915 -63.8163 2.45038 
-11.8078 162.289 14.4702 96.6801 -63.822 3.50457 
-11.6931 162.282 14.4926 97.4009 -63.552 4.22386 
-11.5713 162.25 14.5651 97.9077 -63.1016 4.6142 
-11.4165 162.191 14.6729 98.0731 -62.674 4.75475 
-11.214 162.116 14.7987 97.9029 -62.3871 4.73697 
-10.9652 162.047 14.9249 97.5728 -62.2332 4.70407 
-10.6969 162.002 15.0467 97.267 -62.1547 4.76066 
-10.46 161.98 15.1461 97.0959 -62.1334 4.91461 
-10.2933 161.964 15.2049 97.0909 -62.158 5.10441 
-10.1886 161.935 15.2676 97.207 -62.2576 5.24216 
-10.0874 161.896 15.3142 97.7346 -62.4801 5.75985 
-9.9223 161.858 15.3974 98.7953 -62.8288 7.00545 
-9.68306 161.796 15.5836 100.261 -63.1805 8.94699 
-9.36175 161.635 15.9435 101.528 -63.364 10.9171 
-9.01871 161.258 16.5072 102.141 -63.3231 12.1054 
-8.71717 160.614 17.2409 102.232 -63.0865 12.2165 
-8.46787 159.788 18.0768 102.005 -62.6237 11.2512 
-8.23128 158.956 18.9565 101.028 -61.8368 8.99488 
-7.99003 158.24 19.8365 98.7008 -60.8488 5.3325 
-7.73504 157.664 20.6448 95.0782 -59.9664 0.71563 
-7.43368 157.207 21.2634 90.9682 -59.3857 -3.89711 
-7.07835 156.847 21.5847 87.4824 -59.057 -7.41801 
-6.71031 156.579 21.58 85.1793 -58.9589 -9.30016 
-6.4156 156.432 21.3191 83.6508 -59.0883 -10.0329 
-6.26629 156.457 20.9251 81.905 -59.3886 -10.8223 
-6.29751 156.666 20.4879 79.5056 -59.652 -12.3579 
-6.51385 156.998 20.0225 77.0115 -59.6509 -14.2427 
-6.90389 157.382 19.478 75.274 -59.4995 -15.7089 
-7.45868 157.782 18.8029 74.6087 -59.4995 -16.5012 
-8.16091 158.201 17.9685 74.9517 -59.7273 -16.5959 
-8.97255 158.633 17.0373 76.2368 -59.9277 -15.8311 
-9.81605 159.066 16.081 78.4291 -59.951 -14.0851 
-10.6114 159.504 15.2042 81.1482 -59.8992 -11.8129 
-11.3058 159.962 14.4047 84.0295 -60.0143 -9.43159 
-11.8894 160.439 13.6276 87.0056 -60.3328 -6.88609 
-12.3901 160.899 12.8219 90.2612 -60.7057 -3.85894 
-12.8455 161.3 11.9677 93.9213 -60.9542 -0.319071 
-13.2914 161.619 11.1542 97.617 -61.0476 3.07238 
-13.7393 161.862 10.4316 101.102 -61.0401 5.98595 
-14.137 162.056 9.83649 104.11 -60.9276 8.43718 
-14.4857 162.226 9.35431 106.555 -60.6885 10.51 
-14.7646 162.391 8.92971 108.381 -60.3613 12.2108 
-14.9924 162.549 8.577 109.568 -60.0827 13.3874 
-15.1895 162.687 8.27065 110.415 -59.9483 14.2555 
-15.3646 162.809 8.00437 111.072 -59.9333 14.9167 
-15.5049 162.932 7.76162 111.583 -59.8936 15.4054 
-15.5903 163.051 7.53345 112.003 -59.714 15.8725 
-15.6091 163.148 7.32108 112.414 -59.4529 16.5113 
-15.5815 163.214 7.14096 112.81 -59.2365 17.2313 
-15.5285 163.255 7.0068 113.136 -59.0498 17.7769 
-15.4758 163.275 6.91461 113.452 -58.7633 18.0787 
-15.4165 163.283 6.84691 113.785 -58.3856 18.2935 
-15.3324 163.271 6.79021 114.067 -58.1104 18.5434 
-15.2278 163.246 6.73931 114.23 -58.0622 18.8005 
-15.0908 163.23 6.69654 114.192 -58.0968 18.9512 
-14.9352 163.225 6.66226 114.034 -58.0628 18.9863 
-14.7579 163.213 6.63405 114.012 -57.9627 19.0732 
-14.532 163.17 6.62747 114.605 -57.9437 19.5063 
-14.1911 163.091 6.65677 116.234 -57.9966 20.5486 
-13.6665 162.988 6.7841 118.633 -57.8687 21.9948 
-12.9448 162.866 7.07916 120.733 -57.4537 23.1414 
-12.0635 162.698 7.59157 121.481 -56.9629 23.2809 
-11.059 162.465 8.32299 120.526 -56.6176 22.0938 
-9.94541 162.205 9.20505 118.185 -56.4474 19.7579 
-8.76704 161.98 10.1166 114.83 -56.4495 16.718 
-7.63893 161.828 10.9049 110.847 -56.767 13.5739 
-6.68013 161.762 11.4502 106.864 -57.4337 10.8941 
-5.9482 161.798 11.7241 103.606 -58.2313 9.00585 
-5.44632 161.931 11.7822 101.403 -58.9128 7.85019 
-5.16288 162.118 11.7037 99.9538 -59.3486 7.04983 
-5.07487 162.313 11.5477 98.7971 -59.5331 6.27238 
-5.13026 162.491 11.3564 97.7124 -59.5001 5.38475 
-5.26054 162.652 11.1649 96.6775 -59.3571 4.37455 
-5.42427 162.809 11.0269 95.5046 -59.3086 3.09116 
-5.553 162.989 10.9508 93.8311 -59.5299 1.38367 
-5.62866 163.208 10.8286 92.015 -59.9577 -0.247216 
-5.65334 163.463 10.5925 90.8781 -60.3544 -0.97262 
-5.64565 163.719 10.2245 91.2129 -60.5751 -0.0882454 
-5.64 163.947 9.75799 92.9764 -60.6793 2.21087 
-5.66511 164.142 9.31754 95.1573 -60.6944 4.70376 
-5.75651 164.305 8.95102 97.0509 -60.5213 6.5413 
-5.90818 164.425 8.64412 98.7473 -60.112 7.89216 
-6.05889 164.495 8.3616 100.709 -59.6423 9.43163 
-6.20013 164.535 8.12742 102.916 -59.3187 11.1602 
-6.29357 164.583 7.93377 104.817 -59.097 12.5757 
-6.33032 164.656 7.82991 105.758 -58.79 13.1265 
-6.30791 164.739 7.81074 105.788 -58.405 13.0123 
-6.24621 164.81 7.8523 105.375 -58.0923 12.6929 
-6.17796 164.871 7.92229 104.947 -57.8839 12.4264 
-6.09798 164.927 7.99183 104.707 -57.6696 12.2903 
-6.02259 164.966 8.04525 104.722 -57.3936 12.3306 
-5.95934 164.98 8.08444 104.882 -57.1967 12.5162 
-5.89384 164.989 8.11736 104.994 -57.2127 12.7141 
-5.82249 165.005 8.15117 104.995 -57.3709 12.8372 
-5.75855 165.03 8.19317 105.007 -57.5468 12.9692 
-5.71467 165.032 8.23211 105.188 -57.7494 13.2409 
-5.67618 165.017 8.29353 105.469 -58.0943 13.5308 
-5.63777 165 8.36548 105.8 -58.5604 13.7456 
-5.6014 164.993 8.41404 106.183 -58.9547 14.0113 
-5.6048 164.981 8.43042 106.583 -59.1634 14.4487 
-5.64081 164.963 8.4026 106.976 -59.2315 15.0717 
-5.68452 164.956 8.36198 107.411 -59.1974 15.6457 
-5.7063 164.989 8.30915 108.026 -58.9673 16.1456 
-5.7172 165.046 8.25846 108.753 -58.5764 16.6009 
-5.74788 165.097 8.15353 109.517 -58.1793 17.1912 
-5.80276 165.136 7.97107 110.223 -57.9454 17.8242 
-5.86495 165.186 7.7282 110.934 -57.8076 18.3692 
-5.88373 165.252 7.49135 111.615 -57.6244 18.8002 
-5.91245 165.307 7.31565 112.258 -57.4304 19.1896 
-5.97018 165.34 7.2414 112.681 -57.3992 19.3605 
-5.9646 165.389 7.25523 112.705 -57.535 19.0707 
-5.87439 165.465 7.29572 112.584 -57.6461 18.4977 
-5.7128 165.532 7.31634 112.584 -57.6886 18.183 
-5.5459 165.548 7.2844 112.832 -57.8595 18.5699 
-5.41617 165.52 7.18742 113.382 -58.345 19.6657 
-5.3151 165.501 7.07548 114.104 -58.9741 20.9535 
-5.23079 165.516 6.97163 114.899 -59.3493 22.0369 
-5.179 165.54 6.85268 115.684 -59.3651 22.9142 
-5.1809 165.554 6.68224 116.403 -59.2884 23.7346 
-5.2288 165.58 6.48436 117.088 -59.4544 24.4585 
-5.26799 165.64 6.25762 117.892 -59.719 25.0533 
-5.27692 165.727 6.08909 118.644 -59.8768 25.3456 
-5.28011 165.799 5.94781 119.379 -59.903 25.6829 
-5.3194 165.841 5.80293 120.009 -59.9603 26.1469 
-5.41484 165.876 5.62693 120.582 -60.0885 26.6001 
-5.496 165.919 5.43162 121.095 -60.0888 26.8757 
-5.53157 165.936 5.24925 121.728 -59.8694 27.184 
-5.50681 165.908 5.11222 122.506 -59.6382 27.8045 
-5.42417 165.879 5.03454 123.126 -59.632 28.5175 
-5.29446 165.912 5.01329 123.243 -59.8315 28.7655 
-5.11203 166.012 5.03242 122.805 -60.0386 28.4134 
-4.92929 166.102 5.07312 122.263 -60.2003 28.0275 
-4.76905 166.133 5.10095 122.066 -60.4563 28.1999 
-4.62629 166.135 5.11245 122.254 -60.8159 28.8017 
-4.4873 166.137 5.11443 122.582 -61.0664 29.3373 
-4.36565 166.139 5.1602 122.745 -61.0764 29.4927 
-4.30023 166.09 5.25443 122.776 -61.0102 29.4213 
-4.277 166.003 5.43896 122.546 -61.1495 28.9838 
-4.23313 165.921 5.59972 122.314 -61.3795 28.4337 
-4.15517 165.864 5.69344 122.269 -61.5038 28.119 
-4.09755 165.801 5.75249 122.456 -61.5294 28.3131 
-4.09513 165.714 5.82047 122.705 -61.6362 28.8002 
-4.09987 165.64 5.88812 122.88 -61.8278 29.1412 
-4.05652 165.632 5.98281 122.778 -61.9597 28.9324 
-3.98954 165.663 6.10196 122.514 -61.9278 28.4927 
-3.95995 165.66 6.21618 122.259 -61.8347 28.2849 
-3.97148 165.606 6.34167 121.918 -61.8193 28.1856 
-3.94933 165.561 6.45222 121.506 -61.8516 27.9819 
-3.84924 165.567 6.57069 120.968 -61.8654 27.5602 
-3.70965 165.583 6.7098 120.428 -61.9094 27.2472 
-3.58657 165.56 6.89274 119.825 -62.1566 27.0862 
-3.45996 165.509 7.09029 119.127 -62.5918 26.933 
-3.28045 165.475 7.25047 118.446 -63.0729 26.7505 
-3.05642 165.471 7.41143 117.721 -63.5166 26.4896 
-2.85608 165.453 7.54871 117.178 -63.9026 26.4896 
-2.70686 165.41 7.69039 116.762 -64.3141 26.6785 
-2.57679 165.37 7.82102 116.508 -64.7505 26.9644 
-2.4325 165.368 7.97077 116.255 -65.1954 27.1225 
-2.24472 165.398 8.15009 115.795 -65.6651 27.1133 
-2.06207 165.426 8.32703 115.274 -66.2684 27.1811 
-1.89102 165.421 8.49413 114.75 -67.094 27.455 
-1.75092 165.382 8.63516 114.422 -68.1222 28.0699 
-1.661 165.319 8.75637 114.415 -69.2332 29.0261 
-1.64796 165.242 8.87696 114.81 -70.3216 30.2629 
-1.7458 165.151 9.02169 115.559 -71.2629 31.5904 
-1.98706 165.037 9.22943 116.223 -71.8886 32.4688 
-2.37347 164.887 9.50415 116.32 -72.0271 32.4033 
-2.86461 164.694 9.83272 115.597 -71.5939 31.1527 
-3.38564 164.456 10.2086 114.277 -70.5872 28.9555 
-3.87238 164.177 10.6294 112.778 -69.0494 26.2647 
-4.27626 163.868 11.1124 111.213 -67.0623 23.2893 
-4.56615 163.542 11.6423 109.7 -64.7711 20.2452 
-4.72501 163.214 12.1962 108.405 -62.2981 17.3133 
-4.75953 162.9 12.7255 107.576 -59.5769 14.7256 
-4.69269 162.616 13.1855 107.36 -56.4274 12.6296 
-4.54248 162.368 13.5766 107.7 -52.7624 10.9547 
-4.29982 162.151 13.9423 108.396 -48.6733 9.46383 
-3.92491 161.964 14.3412 109.19 -44.4625 7.91756 
-3.35963 161.834 14.8056 109.831 -40.6355 6.19606 
-2.55284 161.807 15.3124 110.074 -37.8723 4.33714 
-1.50379 161.919 15.758 109.695 -36.8704 2.61716 
-0.284833 162.158 16.0167 108.496 -38.1499 1.43327 
0.984747 162.449 16.0288 106.411 -41.9266 1.02862 
2.19181 162.715 15.8632 103.695 -47.7968 1.31988 
3.25512 162.879 15.7237 100.752 -54.7494 2.00875 
4.06762 162.912 15.7368 98.0664 -61.4438 3.05936 
4.49809 162.845 15.8878 95.682 -66.8453 4.29696 
4.42701 162.725 16.0472 93.1944 -70.3275 5.13643 
3.80917 162.61 16.0699 90.7089 -71.4401 5.33417 
2.71603 162.56 15.9208 89.5638 -70.0044 5.69635 
1.31418 162.604 15.6578 90.826 -66.3202 6.81581 
-0.132602 162.743 15.3725 94.1369 -61.1072 8.15419 
-1.29979 162.989 15.1453 98.4316 -55.2969 8.93036 
-1.88646 163.357 15.0248 102.592 -49.9654 8.76368 
-1.72576 163.885 15.007 105.488 -46.2773 7.75142 
-0.908276 164.567 15.0627 106.263 -45.0177 6.41647 
0.241184 165.269 15.1925 104.658 -46.1582 5.33775 
1.2709 165.769 15.4226 100.99 -48.7677 4.56949 
1.76852 165.921 15.7221 95.9417 -51.4534 3.48833 
1.50349 165.747 15.9919 90.7085 -53.1143 1.72314 
0.493105 165.387 16.1104 87.3945 -53.3398 0.10829 
-0.97751 165.001 16.013 88.0051 -52.3186 0.052781 
-2.45892 164.713 15.7245 92.7279 -50.3751 2.00461 
-3.45468 164.643 15.3412 99.363 -47.9858 4.97433 
-3.67714 164.916 14.9494 104.735 -46.0716 7.51824 
-3.19896 165.549 14.6095 106.801 -45.5737 8.94966 
-2.38075 166.337 14.3383 105.268 -46.66 9.37144 
-1.62511 166.979 14.1306 101.541 -48.5184 9.24311 
-1.16127 167.324 13.9821 97.8906 -50.1631 9.11364 
-1.01725 167.443 13.9015 96.1593 -51.0594 9.39633 
-1.11296 167.515 13.8674 96.5254 -51.1695 10.0098 
-1.36311 167.664 13.8394 97.9112 -50.6353 10.4834 
-1.66439 167.898 13.8014 99.1648 -49.6361 10.4695 
-1.85184 168.128 13.7715 99.9333 -48.5491 10.1499 
-1.79547 168.233 13.7766 100.432 -47.878 9.99219 
-1.5432 168.151 13.8197 100.842 -47.9813 10.3006 
-1.30211 167.959 13.8457 101.072 -48.863 10.9818 
-1.256 167.807 13.7981 100.978 -49.9396 11.6214 
-1.4257 167.804 13.6836 100.606 -50.4631 11.7767 
-1.64233 167.934 13.5595 100.303 -50.2153 11.4239 
-1.68036 168.068 13.4627 100.413 -49.7074 11.0314 
-1.45326 168.085 13.4023 100.939 -49.6688 11.1728 
-1.09722 167.978 13.3696 101.538 -50.3141 11.9772 
-0.817629 167.85 13.3444 101.783 -51.2739 12.9707 
-0.718656 167.806 13.318 101.402 -51.9277 13.3724 
-0.726133 167.859 13.3023 100.62 -52.0601 12.9009 
-0.678244 167.942 13.3083 99.9779 -51.9219 12.0269 
-0.485474 167.984 13.3317 99.7393 -51.9729 11.4693 
-0.229654 167.981 13.3489 99.5954 -52.4239 11.4764 
-0.0569233 167.976 13.3392 99.146 -53.0825 11.7044 
-0.0261756 168.004 13.3147 98.401 -53.5786 11.6029 
-0.0650464 168.051 13.2885 97.8214 -53.7502 11.0329 
-0.0873481 168.093 13.291 97.6027 -53.7429 10.1795 
-0.0993042 168.126 13.2545 97.6212 -53.7607 9.49512 
-0.159375 168.176 13.15 97.5181 -53.8046 9.07465 
-0.282745 168.252 12.904 97.5189 -53.7794 9.06994 
-0.399418 168.337 12.6057 97.8206 -53.6211 9.26099 
-0.458987 168.404 12.2607 98.603 -53.4275 9.73493 
-0.490565 168.449 11.9154 99.5229 -53.3842 10.3744 
-0.565047 168.496 11.5995 100.147 -53.4439 10.9156 
-0.678935 168.556 11.3225 100.415 -53.4037 11.1155 
-0.756015 168.614 11.0791 100.534 -53.1281 10.9799 
-0.734124 168.648 10.8576 100.633 -52.8435 10.7843 
-0.648217 168.653 10.6468 100.612 -52.919 10.7719 
-0.578734 168.644 10.4401 100.427 -53.3696 10.9516 
-0.556814 168.649 10.2368 100.258 -53.7845 11.1687 
-0.537347 168.665 10.0963 100.188 -53.9414 11.1673 
-0.483729 168.669 10.005 100.247 -53.9527 11.0734 
-0.414219 168.659 9.92372 100.29 -54.1294 11.0762 
-0.390241 168.655 9.86445 100.147 -54.477 11.1057 
-0.427816 168.637 9.78996 100.009 -54.6795 11.154 
-0.48048 168.613 9.73942 100.005 -54.5987 11.0953 
-0.519464 168.557 9.69838 100.273 -54.4412 11.1236 
-0.565631 168.486 9.66069 100.6 -54.468 11.2414 
-0.659504 168.439 9.63721 100.783 -54.6055 11.3229 
-0.778452 168.407 9.64354 100.805 -54.5695 11.2362 
-0.86407 168.385 9.65736 100.848 -54.3287 11.0909 
-0.869093 168.347 9.6746 100.963 -54.1903 11.0696 
-0.820249 168.307 9.70171 100.994 -54.3829 11.1879 
-0.786675 168.292 9.74361 100.8 -54.7498 11.2378 
-0.784302 168.308 9.78934 100.484 -54.9562 11.144 
-0.803947 168.326 9.8609 100.188 -54.9466 10.8965 
-0.803135 168.321 9.93132 100.002 -54.9311 10.6978 
-0.804625 168.286 10.0085 99.841 -55.037 10.5008 
-0.824097 168.239 10.0917 99.6211 -55.1365 10.2122 
-0.850422 168.194 10.1665 99.3922 -55.1118 9.90029 
-0.855836 168.152 10.2203 99.2282 -55.0322 9.74167 
-0.874938 168.113 10.2653 99.1647 -55.0262 9.73584 
-0.914942 168.081 10.3173 99.1321 -55.0517 9.74086 
-0.969641 168.056 10.342 99.2402 -55.0294 9.7783 
-1.05714 168.032 10.3491 99.558 -54.9495 9.87898 
-1.13688 168.007 10.3423 99.9278 -54.9035 10.0677 
-1.21667 167.984 10.3289 100.251 -54.924 10.2672 
-1.28213 167.98 10.3253 100.442 -54.9175 10.3703 
-1.31855 167.991 10.3505 100.496 -54.8573 10.3469 
-1.33902 167.991 10.4003 100.484 -54.7988 10.2715 
-1.36281 167.986 10.4407 100.513 -54.7947 10.2538 
-1.38471 167.973 10.4472 100.642 -54.7866 10.3399 
-1.38811 167.954 10.4729 100.73 -54.7144 10.3716 
-1.37159 167.916 10.5159 100.79 -54.6302 10.4026 
-1.32301 167.867 10.5638 100.787 -54.6221 10.4602 
-1.26935 167.818 10.6454 100.652 -54.6931 10.402 
-1.22247 167.775 10.7415 100.477 -54.7475 10.2688 
-1.1933 167.74 10.8349 100.347 -54.7291 10.1431 
-1.19059 167.708 10.9176 100.267 -54.6668 10.0656 
-1.20015 167.683 10.9836 100.2 -54.5973 10.018 
-1.22384 167.671 11.0241 100.178 -54.5247 10.0057 
-1.26409 167.664 11.0333 100.24 -54.4705 10.0498 
-1.29246 167.663 11.0196 100.368 -54.4413 10.1515 
-1.31568 167.666 11.0086 100.481 -54.4227 10.2424 
-1.34446 167.672 11.0108 100.515 -54.3708 10.268 
-1.38612 167.678 11.0254 100.478 -54.2663 10.2336 
-1.42577 167.679 11.0423 100.41 -54.1726 10.1826 
-1.46115 167.678 11.0526 100.379 -54.1289 10.1714 
-1.49268 167.678 11.0551 100.385 -54.1271 10.2095 
-1.51493 167.677 11.056 100.405 -54.1322 10.2638 
-1.53999 167.676 11.0601 100.443 -54.1013 10.3073 
-1.56365 167.673 11.0676 100.496 -54.0295 10.3404 
-1.58153 167.671 11.0764 100.557 -53.956 10.379 
-1.59832 167.669 11.0936 100.606 -53.9185 10.4093 
-1.61587 167.668 11.1155 100.616 -53.9122 10.4148 
-1.6322 167.667 11.1368 100.581 -53.9106 10.3867 
-1.63465 167.668 11.1649 100.52 -53.9102 10.347 
-1.64795 167.665 11.1936 100.493 -53.8906 10.3313 
-1.66467 167.656 11.2137 100.55 -53.8596 10.402 
-1.66786 167.64 11.2375 100.645 -53.8094 10.5182 
-1.66389 167.622 11.2699 100.697 -53.7518 10.6154 
-1.64182 167.607 11.3149 100.619 -53.7026 10.6017 
-1.61625 167.599 11.3642 100.397 -53.6851 10.4593 
-1.59144 167.595 11.4197 100.098 -53.6668 10.235 
-1.57384 167.592 11.4712 99.8409 -53.6438 10.0379 
-1.57035 167.587 11.5047 99.694 -53.6284 9.93609 
-1.57818 167.577 11.5275 99.6292 -53.6051 9.90586 
-1.61264 167.56 11.524 99.6318 -53.5522 9.90736 
-1.65418 167.537 11.5162 99.7265 -53.4591 9.94289 
-1.70103 167.507 11.4838 99.8968 -53.324 10.0212 
-1.75122 167.47 11.4278 100.05 -53.1627 10.0897 
-1.80476 167.432 11.3492 100.129 -52.9857 10.1248 
-1.87321 167.401 11.2552 100.145 -52.7986 10.1223 
-1.95872 167.384 11.1426 100.17 -52.6234 10.1286 
-2.05047 167.372 11.0049 100.204 -52.4864 10.1509 
-2.15192 167.372 10.831 100.247 -52.4084 10.2227 
-2.26419 167.373 10.6187 100.322 -52.4137 10.3736 
-2.38904 167.371 10.3708 100.443 -52.5009 10.5858 
-2.53552 167.365 10.0945 100.632 -52.6524 10.8407 
-2.71246 167.354 9.808 100.841 -52.8024 11.0553 
-2.90828 167.335 9.52044 101.017 -52.8978 11.199 
-3.12195 167.31 9.22113 101.166 -52.9477 11.3216 
-3.3457 167.286 8.91427 101.291 -53.0212 11.4428 
-3.56681 167.264 8.59557 101.418 -53.168 11.5937 
-3.78024 167.245 8.25724 101.615 -53.3591 11.8121 
-3.99239 167.223 7.88821 101.933 -53.5301 12.1322 
-4.20504 167.205 7.49489 102.322 -53.6244 12.5259 
-4.41403 167.186 7.08826 102.697 -53.6457 12.936 
-4.62329 167.159 6.68444 103.018 -53.622 13.2857 
-4.822 167.133 6.31526 103.196 -53.5935 13.4497 
-4.99944 167.115 5.95924 103.294 -53.5726 13.5101 
-5.15816 167.098 5.58911 103.409 -53.5471 13.5824 
-5.30755 167.077 5.19081 103.598 -53.5373 13.7326 
-5.44991 167.052 4.77539 103.802 -53.5368 13.9132 
-5.58687 167.029 4.35594 103.998 -53.5516 14.0914 
-5.71342 167.008 3.93907 104.161 -53.5646 14.2497 
-5.83415 166.987 3.52702 104.283 -53.5777 14.3653 
-5.95936 166.961 3.12209 104.379 -53.6375 14.4322 
-6.10505 166.926 2.69403 104.562 -53.7901 14.5538 
-6.27703 166.881 2.24075 104.855 -54.038 14.7519 
-6.47011 166.828 1.77377 105.225 -54.32 14.9895 
-6.67286 166.758 1.29814 105.606 -54.5369 15.2071 
-6.87971 166.675 0.813464 105.922 -54.618 15.3473 
-7.08562 166.589 0.310294 106.124 -54.5948 15.3788 
-7.29418 166.504 -0.255377 106.302 -54.613 15.3932 
-7.4863 166.426 -0.892188 106.465 -54.8895 15.3994 
-7.6628 166.339 -1.58192 106.677 -55.577 15.4153 
-7.83634 166.221 -2.26012 106.941 -56.6492 15.4379 
-8.0307 166.062 -2.87512 107.268 -57.8922 15.5142 
-8.26464 165.871 -3.39796 107.527 -59.0751 15.5027 
-8.52929 165.687 -3.84891 107.489 -60.0942 15.1122 
-8.78076 165.541 -4.30344 107.158 -60.9862 14.3835 
-8.97143 165.442 -4.78949 106.715 -61.8313 13.6744 
-9.12041 165.361 -5.27527 106.495 -62.6455 13.3945 
-9.26576 165.272 -5.72189 106.61 -63.3743 13.5452 
-9.40368 165.194 -6.08275 106.781 -64.0037 13.6587 
-9.53455 165.15 -6.4 106.971 -64.6287 13.6062 
-9.59754 165.161 -6.67893 107.129 -65.4872 13.4546 
-9.54996 165.198 -6.92758 107.398 -66.7879 13.4629 
-9.38644 165.2 -7.13117 107.911 -68.5312 13.7959 
-9.12151 165.124 -7.2859 108.724 -70.4386 14.5471 
-8.81453 164.984 -7.39843 109.707 -72.0901 15.5598 
-8.47523 164.845 -7.47538 110.321 -73.2059 16.3001 
-8.11304 164.756 -7.51355 110.116 -73.8675 16.2687 
-7.73684 164.703 -7.48592 109.146 -74.4339 15.4992 
-7.34781 164.643 -7.37571 107.75 -75.283 14.3381 
-6.94369 164.551 -7.21096 106.245 -76.5154 13.0992 
-6.5488 164.426 -7.05735 104.939 -77.9609 12.0626 
-6.16952 164.297 -6.92257 103.78 -79.4086 11.2226 
-5.82083 164.179 -6.78052 102.402 -80.7757 10.2492 
-5.51141 164.064 -6.61399 100.255 -82.0836 8.59236 
-5.25861 163.948 -6.38039 96.2698 -83.3608 5.13638 
-5.08319 163.818 -6.08861 89.5155 -84.5346 -1.10426 
-5.00359 163.673 -5.76102 79.1862 -85.4387 -11 
-5.02683 163.524 -5.43389 65.9733 -85.9179 -23.9235 
-5.15525 163.379 -5.14574 52.7205 -85.9899 -37.0696 
-5.38145 163.237 -4.9245 41.6593 -85.8233 -48.1894 
-5.69277 163.086 -4.77039 32.7399 -85.5825 -57.2844 
-6.038 162.912 -4.65129 25.057 -85.3461 -65.1757 
-6.36115 162.712 -4.52473 18.2625 -85.1331 -72.0967 
-6.65169 162.505 -4.37223 12.265 -84.9486 -78.1047 
-6.9332 162.324 -4.23558 6.97265 -84.7711 -83.301 
-7.24265 162.187 -4.14096 1.81213 -84.5187 -88.2879 
-7.59408 162.073 -4.09399 -3.96514 -84.1522 -93.8327 
-8.01719 161.932 -4.04933 -10.1621 -83.7294 -99.8802 
-8.51444 161.74 -3.96322 -15.3071 -83.4006 -105.103 
-9.06026 161.51 -3.83562 -17.5547 -83.3192 -107.68 
-9.60662 161.276 -3.69828 -16.1788 -83.4673 -106.727 
-10.1066 161.06 -3.55851 -12.4105 -83.5963 -103.273 
-10.5217 160.858 -3.40937 -9.38284 -83.5087 -100.352 
-10.843 160.653 -3.24073 -9.10295 -83.2437 -100.014 
-11.08 160.433 -3.063 -10.9869 -82.9467 -101.765 
-11.2484 160.206 -2.88097 -13.3344 -82.6743 -103.953 
-11.3594 159.988 -2.70597 -15.2134 -82.4041 -105.649 
-11.4077 159.786 -2.55098 -16.8736 -82.0612 -107.102 
-11.3991 159.592 -2.44385 -19.1971 -81.6319 -109.221 
-11.3436 159.405 -2.34308 -22.2234 -81.0365 -112.063 
-11.2642 159.224 -2.24092 -25.2725 -80.2995 -114.97 
-11.176 159.057 -2.13639 -27.2625 -79.5251 -116.847 
-11.088 158.904 -2.05019 -27.8432 -78.8789 -117.29 
-10.9857 158.761 -1.9768 -27.6839 -78.4317 -116.883 
-10.8503 158.624 -1.87619 -27.7757 -78.0842 -116.58 
-10.6677 158.486 -1.75429 -28.6665 -77.7593 -116.943 
-10.4289 158.359 -1.60593 -29.5963 -77.4185 -117.24 
-10.128 158.258 -1.43059 -29.4169 -77.1297 -116.317 
-9.77556 158.176 -1.29315 -28.0813 -77.0473 -114.132 
-9.3734 158.105 -1.18058 -26.0424 -77.129 -111.117 
-8.93514 158.035 -1.07475 -23.7913 -77.2346 -107.76 
-8.50564 157.963 -0.980806 -21.3626 -77.229 -104.17 
-8.14242 157.888 -0.900334 -18.6819 -77.0353 -100.443 
-7.89333 157.8 -0.831845 -16.1075 -76.7068 -97.1433 
-7.77312 157.69 -0.761531 -14.1708 -76.3733 -94.9095 
-7.76834 157.551 -0.671163 -13.0578 -76.0922 -93.9195 
-7.83041 157.387 -0.558998 -12.6902 -75.796 -93.9927 
-7.91149 157.201 -0.443874 -12.7789 -75.39 -94.715 
-7.9645 157 -0.314847 -12.883 -74.8149 -95.4862 
-7.99553 156.781 -0.214328 -12.6184 -74.2242 -95.8584 
-8.01375 156.549 -0.141488 -11.9445 -73.7437 -95.7702 
-8.02032 156.314 -0.105004 -11.2856 -73.453 -95.6432 
-8.01989 156.092 -0.108217 -11.2943 -73.3231 -96.1511 
-8.0021 155.9 -0.144108 -12.5494 -73.2462 -97.8777 
-7.95437 155.752 -0.219447 -15.1786 -73.1312 -100.929 
-7.86248 155.653 -0.32823 -18.8333 -72.9557 -104.876 
-7.74173 155.592 -0.459239 -22.6481 -72.7657 -108.794 
-7.60188 155.553 -0.600018 -25.7992 -72.6422 -111.821 
-7.44868 155.516 -0.730301 -27.897 -72.6146 -113.632 
-7.29234 155.467 -0.834092 -29.2469 -72.5891 -114.704 
-7.14348 155.411 -0.912252 -30.4658 -72.4492 -115.782 
-7.02602 155.356 -0.977855 -31.88 -72.1939 -117.192 
-6.951 155.302 -1.0443 -33.3695 -71.9411 -118.711 
-6.92091 155.239 -1.11449 -34.6935 -71.7815 -120.071 
-6.92747 155.152 -1.17705 -35.7719 -71.6998 -121.22 
-6.94495 155.039 -1.22431 -36.6915 -71.6512 -122.221 
-6.94995 154.919 -1.26355 -37.4012 -71.6442 -122.931 
-6.9308 154.824 -1.30778 -37.7389 -71.7253 -123.115 
-6.9117 154.767 -1.36998 -37.7543 -71.8663 -122.915 
-6.89542 154.742 -1.45789 -37.9301 -71.9435 -122.958 
-6.88703 154.731 -1.53736 -38.5414 -71.8307 -123.614 
-6.8862 154.723 -1.59775 -39.4263 -71.5558 -124.657 
-6.8922 154.697 -1.65367 -40.258 -71.2457 -125.606 
-6.90098 154.66 -1.68711 -40.7305 -70.9516 -126.014 
-6.90123 154.614 -1.72988 -41.01 -70.7255 -126.033 
-6.89323 154.557 -1.7949 -41.4232 -70.5835 -126.065 
-6.86712 154.495 -1.8699 -42.2002 -70.4857 -126.417 
-6.82832 154.432 -1.92415 -43.2487 -70.3553 -127.062 
-6.80659 154.368 -1.95154 -44.2303 -70.1642 -127.756 
-6.79741 154.308 -1.95907 -44.8557 -69.9312 -128.281 
-6.79659 154.248 -1.9706 -45.0898 -69.7066 -128.666 
-6.77931 154.194 -1.98155 -45.1056 -69.4841 -129.022 
-6.7354 154.149 -2.022 -45.2847 -69.249 -129.592 
-6.67219 154.12 -2.09972 -45.8871 -68.9859 -130.53 
-6.61007 154.107 -2.20841 -46.8946 -68.7144 -131.829 
-6.56727 154.105 -2.33326 -48.0051 -68.4931 -133.258 
-6.54936 154.105 -2.45641 -48.9385 -68.3347 -134.571 
-6.5543 154.102 -2.57898 -49.5636 -68.2088 -135.629 
-6.57479 154.099 -2.70194 -49.9647 -68.0583 -136.486 
-6.60498 154.103 -2.83573 -50.4008 -67.8271 -137.375 
-6.63236 154.122 -2.98065 -51.0675 -67.465 -138.456 
-6.64751 154.156 -3.13458 -51.9712 -66.9594 -139.719 
-6.63754 154.2 -3.28464 -52.9935 -66.3727 -141.062 
-6.60284 154.25 -3.43547 -54.0154 -65.8033 -142.402 
-6.54891 154.302 -3.57685 -54.9913 -65.2983 -143.679 
-6.48955 154.356 -3.70496 -55.9066 -64.8256 -144.825 
-6.43058 154.412 -3.82671 -56.7649 -64.3372 -145.8 
-6.36958 154.469 -3.95027 -57.5512 -63.8187 -146.596 
-6.30402 154.52 -4.07802 -58.2235 -63.3022 -147.222 
-6.24365 154.555 -4.19861 -58.7397 -62.8545 -147.695 
-6.21178 154.564 -4.32555 -59.1268 -62.5625 -148.135 
-6.25529 154.546 -4.46816 -59.3934 -62.4698 -148.642 
-6.37633 154.506 -4.62216 -59.5648 -62.5475 -149.212 
-6.56274 154.451 -4.78117 -59.5901 -62.764 -149.723 
-6.79254 154.386 -4.9321 -59.42 -63.0627 -150.056 
-7.04937 154.322 -5.06704 -59.112 -63.364 -150.217 
-7.29995 154.27 -5.18543 -58.8643 -63.5447 -150.372 
-7.51308 154.237 -5.27869 -58.7598 -63.5513 -150.59 
-7.67186 154.222 -5.33621 -58.6525 -63.4644 -150.7 
-7.79249 154.213 -5.36809 -58.3277 -63.4408 -150.479 
-7.87919 154.205 -5.39105 -57.7183 -63.547 -149.877 
-7.9406 154.192 -5.42246 -57.0014 -63.7686 -149.149 
-7.98431 154.175 -5.46893 -56.4261 -64.0418 -148.598 
-8.00797 154.154 -5.52654 -56.1297 -64.3202 -148.346 
-8.02103 154.124 -5.58671 -56.0253 -64.5973 -148.255 
-8.01081 154.095 -5.63554 -56.0132 -64.859 -148.171 
-7.97196 154.066 -5.66988 -56.0991 -65.0852 -148.128 
-7.90901 154.044 -5.69736 -56.2717 -65.2569 -148.165 
-7.83611 154.03 -5.70436 -56.3452 -65.3712 -148.097 
-7.76742 154.022 -5.68445 -56.1402 -65.4579 -147.709 
-7.70845 154.01 -5.65786 -55.7765 -65.5545 -147.124 
-7.65816 153.988 -5.6311 -55.448 -65.6786 -146.581 
-7.59929 153.953 -5.60267 -55.2666 -65.8539 -146.227 
-7.52746 153.906 -5.5703 -55.1554 -66.086 -145.984 
-7.48276 153.86 -5.54131 -54.9553 -66.3336 -145.714 
-7.46105 153.835 -5.5413 -54.7417 -66.5078 -145.434 
-7.4639 153.837 -5.59828 -54.6528 -66.58 -145.289 
-7.48347 153.864 -5.68149 -54.6077 -66.5792 -145.217 
-7.50597 153.896 -5.77987 -54.5704 -66.5909 -145.204 
-7.55067 153.92 -5.88038 -54.5348 -66.6531 -145.283 
-7.61878 153.935 -5.98265 -54.5618 -66.7825 -145.484 
-7.69992 153.953 -6.09477 -54.5999 -66.9975 -145.702 
-7.78144 153.984 -6.22207 -54.5442 -67.3022 -145.795 
-7.85653 154.02 -6.34605 -54.3521 -67.6299 -145.741 
-7.90834 154.046 -6.43648 -54.142 -67.8823 -145.702 
-7.90528 154.048 -6.50543 -54.1529 -68.0634 -145.936 
-7.84202 154.037 -6.55472 -54.3187 -68.2429 -146.362 
-7.73759 154.025 -6.5949 -54.5288 -68.4616 -146.781 
-7.61514 154.01 -6.62104 -54.8477 -68.6267 -147.172 
-7.48603 153.984 -6.6176 -55.4942 -68.5544 -147.741 
-7.34244 153.951 -6.58031 -56.5086 -68.1718 -148.592 
-7.18875 153.937 -6.52519 -57.5997 -67.625 -149.493 
-7.03895 153.962 -6.47385 -58.3783 -67.2172 -150.056 
-6.8991 154.017 -6.43224 -58.7832 -67.0881 -150.186 
-6.7872 154.067 -6.39448 -58.9587 -67.1605 -150.06 
-6.69372 154.097 -6.36176 -59.1706 -67.2481 -149.946 
-6.61137 154.113 -6.34757 -59.5246 -67.2827 -149.961 
-6.54954 154.134 -6.36007 -59.9194 -67.3607 -150.03 
-6.50569 154.144 -6.39172 -60.2436 -67.5597 -150.085 
-6.47537 154.139 -6.42022 -60.4604 -67.8369 -150.143 
-6.45189 154.094 -6.43726 -60.6292 -68.1011 -150.291 
-6.4369 154.017 -6.44709 -60.8216 -68.2697 -150.59 
-6.40279 153.934 -6.4659 -61.1618 -68.3014 -151.036 
-6.3824 153.864 -6.50293 -61.5501 -68.2083 -151.517 
-6.3583 153.81 -6.55436 -61.9568 -68.0129 -151.931 
-6.33911 153.754 -6.60504 -62.286 -67.7455 -152.214 
-6.31133 153.682 -6.63698 -62.482 -67.4421 -152.29 
-6.24976 153.585 -6.65071 -62.5491 -67.1122 -152.1 
-6.16627 153.471 -6.65833 -62.6064 -66.7182 -151.775 
-6.07933 153.352 -6.6775 -63.0775 -66.2286 -151.793 
-6.01968 153.243 -6.71603 -64.3989 -65.7362 -152.673 
-6.01444 153.155 -6.77184 -66.5024 -65.4441 -154.422 
-6.0632 153.094 -6.83542 -68.754 -65.5196 -156.462 
-6.1629 153.059 -6.89797 -70.3113 -65.9654 -158.025 
-6.30669 153.052 -6.95998 -70.6734 -66.5932 -158.638 
-6.47707 153.078 -6.99513 -69.7908 -67.1523 -158.174 
-6.63131 153.134 -7.01403 -68.2051 -67.493 -157.025 
-6.75083 153.205 -7.01862 -66.5315 -67.6049 -155.743 
-6.82598 153.269 -7.01195 -65.2509 -67.5214 -154.794 
-6.83074 153.312 -6.98718 -64.708 -67.3133 -154.435 
-6.76409 153.332 -6.93832 -64.8668 -67.101 -154.575 
-6.63885 153.335 -6.85994 -65.4072 -67.0124 -154.906 
-6.483 153.325 -6.77497 -65.9438 -67.0811 -155.139 
-6.3249 153.32 -6.66362 -65.9847 -67.1733 -154.837 
-6.19869 153.328 -6.55907 -65.4828 -67.139 -154.044 
-6.11903 153.362 -6.48732 -64.6258 -66.966 -152.988 
-6.09287 153.441 -6.47738 -63.6799 -66.8022 -151.966 
-6.09511 153.575 -6.54635 -62.87 -66.8065 -151.157 
-6.11323 153.745 -6.69144 -62.3639 -66.9999 -150.708 
-6.14787 153.906 -6.88056 -62.3135 -67.3039 -150.764 
-6.20555 154.027 -7.07704 -62.7815 -67.63 -151.401 
-6.29228 154.105 -7.26251 -63.6011 -67.9403 -152.456 
-6.40418 154.154 -7.40659 -64.3198 -68.2371 -153.427 
-6.52405 154.183 -7.49952 -64.6137 -68.5324 -153.93 
-6.63993 154.193 -7.55554 -64.5279 -68.8145 -153.973 
-6.75437 154.199 -7.58576 -64.2949 -69.0473 -153.787 
-6.87547 154.211 -7.6021 -64.0782 -69.2252 -153.56 
-7.00353 154.218 -7.63179 -63.9749 -69.3975 -153.45 
-7.11764 154.219 -7.62514 -63.72 -69.5461 -153.222 
-7.1608 154.206 -7.581 -63.4484 -69.595 -152.972 
-7.12229 154.182 -7.49495 -63.2974 -69.4604 -152.836 
-7.0147 154.16 -7.37658 -63.3504 -69.1702 -152.872 
-6.87081 154.152 -7.24375 -63.4658 -68.8885 -152.916 
-6.73373 154.16 -7.1057 -63.362 -68.8173 -152.689 
-6.63204 154.17 -6.95852 -62.9431 -69.037 -152.118 
-6.57908 154.17 -6.75942 -62.289 -69.4454 -151.329 
-6.54945 154.158 -6.50856 -61.865 -69.8267 -150.796 
-6.53801 154.153 -6.20386 -61.876 -69.9792 -150.745 
-6.547 154.18 -5.8695 -62.1476 -69.8942 -150.991 
-6.57373 154.256 -5.53794 -62.1232 -69.8541 -150.899 
-6.63339 154.38 -5.23138 -61.2151 -70.2469 -149.813 
-6.72485 154.524 -4.94248 -59.1518 -71.173 -147.449 
-6.83188 154.65 -4.64876 -56.153 -72.2543 -144.153 
-6.93283 154.724 -4.3244 -52.9013 -72.8917 -140.824 
-7.00488 154.733 -3.961 -50.0279 -72.7966 -138.197 
-7.04782 154.685 -3.57817 -47.6113 -72.1356 -136.237 
-7.07413 154.604 -3.20468 -45.4255 -71.2706 -134.472 
-7.08785 154.523 -2.84273 -43.4563 -70.3713 -132.735 
-7.08679 154.461 -2.53268 -42.1924 -69.4963 -131.588 
-7.05845 154.423 -2.30825 -41.8541 -68.7143 -131.401 
-6.99312 154.404 -2.16416 -42.119 -68.1598 -131.876 
-6.89276 154.399 -2.10694 -42.5863 -67.9829 -132.504 
-6.76009 154.411 -2.1324 -43.1229 -68.1628 -133.027 
-6.59901 154.444 -2.2204 -43.8297 -68.5112 -133.5 
-6.41079 154.492 -2.33795 -44.8326 -68.8 -134.071 
-6.23485 154.537 -2.45574 -46.01 -68.9181 -134.746 
-6.08657 154.562 -2.55312 -47.1349 -68.8889 -135.402 
-5.97567 154.554 -2.64073 -48.0509 -68.7943 -135.97 
-5.92436 154.506 -2.70778 -48.7884 -68.7347 -136.542 
-5.94247 154.425 -2.74764 -49.3989 -68.7209 -137.159 
-6.0222 154.331 -2.76059 -49.7187 -68.6701 -137.591 
-6.15089 154.256 -2.74255 -49.485 -68.4676 -137.544 
-6.30754 154.204 -2.7266 -48.7984 -68.1071 -137.122 
-6.48052 154.136 -2.70819 -47.9721 -67.6559 -136.647 
-6.67445 154.012 -2.65044 -47.2675 -67.1639 -136.38 
-6.89636 153.802 -2.51478 -46.6007 -66.6239 -136.234 
-7.14433 153.516 -2.2842 -45.5204 -66.0393 -135.75 
-7.40854 153.182 -1.97257 -43.6406 -65.4241 -134.51 
-7.68678 152.822 -1.61391 -41.0227 -64.7661 -132.538 
-7.94462 152.472 -1.24186 -38.2015 -64.0559 -130.286 
-8.17135 152.176 -0.892891 -35.7281 -63.3495 -128.276 
-8.37527 151.956 -0.602167 -33.9822 -62.7132 -126.874 
-8.56197 151.8 -0.40017 -33.3321 -62.1502 -126.478 
-8.72656 151.689 -0.309058 -33.9805 -61.671 -127.379 
-8.86195 151.64 -0.338219 -35.6508 -61.3916 -129.353 
-8.9839 151.678 -0.469172 -37.5723 -61.5048 -131.598 
-9.09806 151.794 -0.647292 -39.0301 -62.1094 -133.292 
-9.26178 151.927 -0.827883 -39.6331 -63.1215 -134.126 
-9.46754 152.018 -0.997435 -39.5532 -64.3271 -134.283 
-9.71616 152.044 -1.15737 -39.2009 -65.5481 -134.194 
-9.9412 152.018 -1.30962 -39.0607 -66.6609 -134.245 
-10.1065 151.938 -1.46879 -39.3926 -67.5554 -134.727 
-10.1788 151.781 -1.59968 -40.0305 -68.0455 -135.577 
-10.143 151.522 -1.71395 -40.7798 -68.1288 -136.667 
-10.0192 151.186 -1.79885 -41.5722 -67.9003 -137.872 
-9.86567 150.855 -1.83948 -42.4861 -67.4539 -139.15 
-9.74367 150.619 -1.82599 -43.4892 -66.7446 -140.416 
-9.69337 150.504 -1.75174 -44.2918 -65.6417 -141.437 
-9.7048 150.451 -1.61115 -44.4841 -64.178 -141.832 
-9.75225 150.379 -1.40388 -43.9437 -62.5362 -141.47 
