-0.0319522 158.419 -0.18643 7.84771 -77.6178 -88.3616 
-0.0756298 158.393 -0.214991 6.96116 -77.8713 -89.3921 
-0.143232 158.368 -0.250261 6.15817 -77.9644 -90.3517 
-0.228459 158.334 -0.297596 5.66386 -77.879 -91.0566 
-0.324435 158.299 -0.362242 6.25013 -77.8218 -90.682 
-0.423847 158.287 -0.437776 7.36411 -77.908 -89.8503 
-0.515511 158.298 -0.509841 7.96107 -78.0437 -89.4318 
-0.559837 158.31 -0.565605 7.43068 -78.1524 -90.0189 
-0.558798 158.323 -0.599314 6.24149 -78.1671 -91.2637 
-0.520303 158.351 -0.633071 6.16143 -78.1634 -91.3338 
-0.453748 158.381 -0.652501 7.30623 -78.1664 -90.1001 
-0.377743 158.397 -0.642326 8.00502 -78.1078 -89.3419 
-0.309339 158.399 -0.617201 7.94557 -77.9801 -89.3607 
-0.259006 158.392 -0.574859 7.8495 -77.8417 -89.3873 
-0.202715 158.389 -0.534081 8.45848 -77.763 -88.7531 
-0.101205 158.401 -0.510197 10.451 -77.6879 -86.9383 
0.0618658 158.429 -0.509569 13.9529 -77.5308 -83.8016 
0.270946 158.461 -0.528476 17.2492 -77.3366 -80.7598 
0.500006 158.481 -0.532604 17.9795 -77.2768 -80.1107 
0.733099 158.483 -0.494786 16.5436 -77.246 -81.6489 
0.966273 158.47 -0.435859 15.3752 -77.0933 -82.8326 
1.19313 158.452 -0.407288 15.2018 -76.91 -82.8222 
1.43397 158.445 -0.440417 15.5359 -76.7813 -82.3177 
1.68894 158.449 -0.525985 16.6446 -76.7513 -81.097 
1.91486 158.447 -0.626342 17.4096 -76.8802 -80.0442 
2.08825 158.436 -0.701601 16.7939 -77.0676 -80.2665 
2.22142 158.441 -0.743894 16.0643 -77.0567 -80.7571 
2.3625 158.512 -0.807219 16.7907 -76.6873 -80.2789 
2.56953 158.697 -0.975296 18.9786 -76.1953 -78.8969 
2.86813 158.995 -1.30174 21.4148 -75.9548 -77.5832 
3.21302 159.343 -1.7648 23.0245 -75.9885 -76.7676 
3.55251 159.683 -2.3029 22.9653 -76.1541 -77.1488 
3.91709 160.028 -2.90375 22.4156 -76.4138 -77.9367 
4.32273 160.385 -3.57905 22.1738 -76.8327 -78.1872 
4.71842 160.68 -4.21019 20.716 -77.4935 -79.3836 
5.07374 160.867 -4.70333 18.6431 -78.2091 -81.4353 
5.42704 161.006 -5.13398 18.2668 -78.8076 -82.2227 
5.78514 161.173 -5.60567 19.0557 -79.3243 -82.0163 
6.11295 161.368 -6.08978 18.5969 -79.7439 -82.6517 
6.40341 161.541 -6.48698 13.6309 -80.277 -87.4717 
6.68023 161.675 -6.80408 4.43208 -80.7189 -96.5681 
6.94186 161.811 -7.14554 -1.4764 -80.8987 -102.463 
7.18535 161.972 -7.53536 -1.07334 -81.2085 -102.121 
7.40953 162.121 -7.8922 -0.663442 -81.6289 -101.876 
7.58648 162.217 -8.1803 -3.53556 -81.97 -104.929 
7.72021 162.282 -8.45991 -6.23455 -82.1827 -107.816 
7.82989 162.357 -8.76737 -7.45701 -82.3603 -109.166 
7.91743 162.449 -9.07286 -11.0344 -82.5501 -112.818 
7.9841 162.53 -9.36013 -16.9886 -82.7121 -118.846 
8.03735 162.587 -9.63336 -21.2492 -82.9972 -123.27 
8.08887 162.639 -9.86788 -23.6513 -83.33 -125.834 
8.13526 162.682 -10.0901 -27.9343 -83.4411 -130.19 
8.18048 162.706 -10.2991 -33.7638 -83.3198 -136.081 
8.21261 162.716 -10.5113 -39.0657 -83.3286 -141.459 
8.23051 162.734 -10.7062 -44.0816 -83.4297 -146.522 
8.24505 162.756 -10.8736 -49.0256 -83.4099 -151.502 
8.24721 162.771 -11.0146 -53.0351 -83.1692 -155.547 
8.24552 162.786 -11.153 -56.3669 -82.8073 -158.885 
8.23314 162.817 -11.3058 -59.1768 -82.5634 -161.664 
8.19492 162.856 -11.4686 -61.3319 -82.3675 -163.822 
8.14993 162.897 -11.6322 -63.7991 -82.0621 -166.375 
8.11162 162.936 -11.7985 -66.2938 -81.7441 -168.94 
8.08786 162.957 -11.9621 -68.4318 -81.4672 -171.077 
8.09621 162.96 -12.1265 -70.3298 -81.2143 -172.989 
8.12675 162.968 -12.3043 -71.7039 -81.0314 -174.278 
8.16817 162.979 -12.5002 -73.1055 -80.8751 -175.53 
8.21991 162.979 -12.7253 -74.9047 -80.7184 -177.213 
8.27878 162.981 -12.9842 -76.6899 -80.4534 -178.933 
8.34879 162.981 -13.2696 -78.5406 -80.07 179.187 
8.43561 162.974 -13.56 -80.2643 -79.6158 177.39 
8.53926 162.965 -13.876 -81.9894 -79.0105 175.622 
8.65933 162.958 -14.214 -83.5241 -78.0767 174.086 
8.81232 162.961 -14.5589 -84.6704 -77.0341 172.82 
8.98352 162.964 -14.918 -85.9781 -76.433 171.504 
9.1162 162.951 -15.2821 -87.9046 -76.0161 169.807 
9.24209 162.923 -15.6266 -89.0217 -75.2223 168.766 
9.44787 162.893 -15.9831 -89.2433 -74.3602 168.559 
9.73162 162.874 -16.3745 -90.6544 -73.7949 167.468 
10.0268 162.846 -16.79 -93.1072 -73.3723 165.441 
10.2987 162.801 -17.1857 -95.3622 -72.9518 163.574 
10.5578 162.759 -17.5121 -96.9974 -72.3125 162.354 
10.7879 162.712 -17.7594 -98.1926 -71.2 161.483 
10.9641 162.643 -17.9342 -99.0023 -69.8614 160.753 
11.0906 162.568 -18.0649 -99.8532 -68.7775 160.026 
11.1797 162.503 -18.1215 -100.948 -67.8415 159.163 
11.23 162.432 -18.0805 -101.649 -66.8107 158.62 
11.25 162.358 -17.945 -101.875 -65.798 158.638 
11.2559 162.306 -17.7168 -101.983 -64.9419 158.918 
11.2484 162.287 -17.3699 -101.996 -64.0916 159.328 
11.2332 162.288 -16.909 -101.629 -63.0869 160.043 
11.2124 162.298 -16.38 -101.113 -62.1014 160.801 
11.1798 162.317 -15.7984 -100.732 -61.342 161.434 
11.1376 162.347 -15.1529 -100.413 -60.7566 162.018 
11.0771 162.375 -14.4395 -100.164 -60.1449 162.623 
10.9895 162.396 -13.68 -100.051 -59.2936 163.114 
10.8843 162.399 -12.9037 -100.275 -58.2459 163.226 
10.7817 162.383 -12.1259 -100.584 -57.4286 163.291 
10.6845 162.351 -11.3344 -100.751 -56.9328 163.497 
10.5753 162.317 -10.5074 -100.718 -56.5152 163.926 
10.4244 162.298 -9.61957 -100.592 -56.0094 164.511 
10.2302 162.308 -8.68302 -100.352 -55.2282 165.384 
10.0009 162.342 -7.75517 -100.039 -54.2215 166.57 
9.7472 162.4 -6.87713 -99.7988 -53.5193 167.656 
9.47145 162.492 -6.03528 -99.5097 -53.3142 168.578 
9.15365 162.613 -5.23642 -98.8526 -53.2372 169.711 
8.79634 162.738 -4.54968 -97.752 -53.1662 171.07 
8.45575 162.847 -4.04172 -96.7384 -53.4585 172.128 
8.18903 162.936 -3.74099 -96.0348 -54.099 172.659 
8.02563 162.996 -3.6506 -95.4276 -54.5428 172.842 
7.95479 163.014 -3.75577 -94.8829 -54.6996 172.784 
7.93116 162.987 -4.01911 -94.9667 -54.9698 172.142 
7.91765 162.971 -4.38347 -96.0722 -55.3859 170.694 
7.89862 163.045 -4.77369 -97.8656 -55.625 168.741 
7.86484 163.221 -5.11987 -99.3962 -55.4572 167.242 
7.80777 163.448 -5.38498 -100.322 -55.0685 166.53 
7.72395 163.652 -5.57093 -100.926 -54.8347 166.11 
7.61781 163.78 -5.70663 -101.275 -54.8435 165.707 
7.50224 163.814 -5.82524 -101.541 -54.9614 165.289 
7.37649 163.805 -5.94778 -102.009 -54.8677 164.657 
7.20143 163.828 -6.07731 -102.606 -54.6022 164.017 
6.95699 163.919 -6.20851 -103.016 -54.4286 163.518 
6.68106 164.058 -6.34359 -103.195 -54.4811 163.055 
6.44505 164.198 -6.47178 -103.226 -54.7177 162.602 
6.27516 164.286 -6.56176 -103.056 -55.0733 162.262 
6.15637 164.293 -6.61016 -102.704 -55.3877 162.192 
6.06487 164.241 -6.65027 -102.51 -55.4139 162.169 
5.9914 164.194 -6.71522 -102.599 -55.2227 162.041 
5.93202 164.189 -6.815 -102.925 -55.0341 161.725 
5.88466 164.214 -6.92969 -103.295 -54.9314 161.325 
5.84218 164.248 -7.02282 -103.544 -54.9811 161.074 
5.80102 164.278 -7.07989 -103.631 -55.1367 161.071 
5.7719 164.289 -7.11822 -103.653 -55.2491 161.147 
5.73495 164.302 -7.17541 -103.972 -55.2029 160.927 
5.69043 164.34 -7.25912 -104.631 -54.9781 160.409 
5.64707 164.391 -7.35584 -105.232 -54.7778 159.885 
5.60672 164.428 -7.4473 -105.633 -54.7406 159.491 
5.56497 164.446 -7.52296 -105.879 -54.7895 159.23 
5.50122 164.446 -7.58105 -106.178 -54.8042 159.002 
5.40781 164.433 -7.58031 -106.453 -54.7156 158.876 
5.31157 164.415 -7.54652 -106.55 -54.57 158.888 
5.23635 164.412 -7.51633 -106.57 -54.4793 158.936 
5.17387 164.415 -7.498 -106.638 -54.4652 158.963 
5.12739 164.397 -7.4908 -106.807 -54.4514 158.91 
5.0897 164.351 -7.49377 -107.024 -54.6086 158.706 
5.05995 164.304 -7.50658 -107.389 -54.8731 158.377 
5.03168 164.272 -7.52613 -107.681 -54.8525 158.226 
4.99423 164.263 -7.55494 -107.704 -54.5508 158.352 
4.94772 164.272 -7.5954 -107.876 -54.293 158.387 
4.91335 164.276 -7.66064 -108.269 -54.2261 158.165 
4.91303 164.249 -7.74966 -108.556 -54.307 157.94 
4.91148 164.195 -7.84988 -108.822 -54.5256 157.722 
4.85773 164.145 -7.96756 -109.351 -54.7383 157.384 
4.75343 164.129 -8.10039 -109.95 -54.7147 156.954 
4.628 164.16 -8.22463 -110.334 -54.5798 156.518 
4.51487 164.208 -8.34557 -110.381 -54.7289 156.443 
4.44922 164.224 -8.43731 -110.403 -55.0894 156.382 
4.42527 164.183 -8.49122 -110.577 -55.4771 156.247 
4.39609 164.116 -8.53256 -110.974 -55.8204 156.055 
4.36341 164.081 -8.57982 -111.359 -55.9771 155.839 
4.35966 164.089 -8.63337 -111.588 -56.0492 155.701 
4.37849 164.103 -8.68658 -111.843 -56.3458 155.688 
4.3924 164.08 -8.72785 -112.167 -56.7705 155.776 
4.38316 164.038 -8.74501 -112.699 -57.0511 155.7 
4.34643 164.021 -8.75603 -113.444 -57.2094 155.468 
4.30232 164.033 -8.78422 -113.792 -57.2611 155.475 
4.28731 164.026 -8.81584 -113.761 -57.3159 155.496 
4.30886 163.971 -8.83407 -114.121 -57.6253 155.156 
4.35189 163.884 -8.84064 -114.854 -58.08 154.681 
4.39228 163.813 -8.83818 -115.469 -58.4747 154.491 
4.43214 163.787 -8.82729 -115.934 -58.8202 154.384 
4.48118 163.791 -8.80662 -116.622 -59.2245 153.941 
4.52766 163.785 -8.76846 -117.661 -59.7813 153.233 
4.54802 163.739 -8.7048 -118.601 -60.3637 152.719 
4.54439 163.662 -8.60784 -119.029 -60.6377 152.62 
4.54198 163.568 -8.48022 -119.055 -60.7305 152.756 
4.5446 163.456 -8.32922 -118.95 -60.9077 152.891 
4.53369 163.344 -8.14792 -118.873 -61.0336 152.948 
4.49577 163.27 -7.9345 -118.61 -61.0665 153.213 
4.44421 163.236 -7.69616 -118.007 -61.1069 153.84 
4.42302 163.211 -7.46248 -117.269 -61.1747 154.561 
4.44639 163.153 -7.24418 -117.087 -61.2976 154.819 
4.46636 163.043 -7.00443 -117.753 -61.4037 154.463 
4.38046 162.895 -6.69138 -118.669 -61.5023 154.208 
4.13629 162.728 -6.26836 -119.258 -61.7058 154.489 
3.84223 162.576 -5.74973 -119.093 -62.1643 155.311 
3.67562 162.448 -5.13997 -118.742 -63.0287 155.981 
3.6952 162.301 -4.4294 -118.313 -64.2505 156.814 
3.8799 162.067 -3.64942 -116.806 -65.5955 158.804 
4.1359 161.739 -2.8906 -114.229 -66.9883 161.961 
4.34678 161.383 -2.20266 -111.493 -68.0575 165.561 
4.42019 161.108 -1.55076 -109.172 -68.0326 168.855 
4.34407 160.975 -0.924751 -106.737 -67.1975 171.935 
4.20464 160.954 -0.370155 -103.817 -66.7992 175.049 
4.11246 160.965 0.0795077 -101.178 -67.2837 177.536 
4.09617 160.926 0.430173 -99.1425 -68.0499 179.225 
4.13072 160.798 0.692579 -97.2922 -68.5485 -179.407 
4.19279 160.596 0.877532 -95.9192 -68.9525 -178.3 
4.22589 160.375 1.02136 -95.5595 -69.2966 -177.658 
4.1797 160.217 1.18038 -95.851 -69.0823 -177.477 
4.03898 160.172 1.36789 -95.7577 -68.5328 -177.093 
3.85084 160.23 1.54268 -94.997 -68.4925 -176.4 
3.72947 160.313 1.66124 -93.9481 -69.1164 -175.76 
3.7316 160.324 1.74333 -93.4626 -70.0307 -175.588 
3.81399 160.227 1.84312 -93.412 -70.7703 -175.416 
3.90062 160.06 1.98664 -93.0897 -71.1203 -174.487 
3.95464 159.894 2.1768 -92.1388 -71.3369 -172.732 
3.97681 159.784 2.40918 -90.4147 -71.6283 -170.373 
3.98301 159.726 2.67264 -88.5314 -71.754 -168.224 
4.00892 159.681 2.94021 -86.6506 -71.6835 -166.333 
4.07537 159.608 3.20062 -84.1738 -71.9092 -163.849 
4.16009 159.492 3.44912 -80.8881 -72.4778 -160.45 
4.21065 159.364 3.69281 -77.8992 -72.8327 -157.272 
4.22562 159.266 3.93982 -75.962 -72.7144 -155.165 
4.22298 159.209 4.17033 -74.1875 -72.4598 -153.172 
4.25536 159.168 4.36128 -71.7744 -72.467 -150.593 
4.32052 159.111 4.5167 -69.0741 -72.6436 -147.911 
4.38168 159.023 4.65199 -66.991 -72.6641 -145.965 
4.40108 158.931 4.76731 -65.542 -72.535 -144.431 
4.39354 158.877 4.87211 -64.6983 -72.3899 -143.366 
4.38916 158.857 4.96407 -64.0224 -72.1763 -142.69 
4.3899 158.838 5.03588 -62.8009 -72.1032 -141.719 
4.39471 158.794 5.0862 -60.9052 -72.3371 -140.028 
4.40348 158.734 5.12435 -59.0084 -72.5732 -138.128 
4.39662 158.68 5.16369 -57.9971 -72.6202 -137.069 
4.39157 158.647 5.20787 -57.6378 -72.6028 -136.714 
4.38832 158.641 5.24955 -57.1278 -72.6786 -136.21 
4.36363 158.656 5.28114 -56.4481 -72.7055 -135.523 
4.31663 158.679 5.30358 -55.8228 -72.5189 -134.929 
4.25774 158.692 5.3251 -54.9567 -72.3045 -134.154 
4.20912 158.689 5.35179 -53.9149 -72.2319 -133.163 
4.18233 158.67 5.39961 -53.1102 -72.1873 -132.318 
4.17051 158.641 5.46339 -52.6893 -72.1148 -131.772 
4.18066 158.605 5.54004 -52.3018 -71.9733 -131.315 
4.22647 158.543 5.63079 -51.4256 -71.8767 -130.382 
4.29455 158.44 5.75527 -50.0481 -71.9264 -128.844 
4.34519 158.296 5.94302 -48.4416 -72.0073 -126.837 
4.34787 158.099 6.21297 -46.6723 -71.8742 -124.409 
4.29588 157.823 6.56388 -44.5875 -71.4918 -121.579 
4.2239 157.485 6.96171 -41.712 -70.8054 -118.147 
4.20311 157.153 7.35657 -38.3048 -69.9524 -114.536 
4.2769 156.887 7.70931 -34.9621 -69.2019 -111.341 
4.41757 156.714 7.98951 -31.8564 -68.4806 -108.488 
4.58195 156.627 8.18591 -29.1902 -67.6103 -105.796 
4.7419 156.601 8.29552 -27.2901 -66.8373 -103.54 
4.87379 156.615 8.33474 -25.9546 -66.399 -101.799 
4.96972 156.633 8.33623 -24.6523 -66.2158 -100.321 
5.00564 156.617 8.32733 -23.2435 -66.2027 -98.847 
4.96112 156.556 8.32839 -21.9594 -66.232 -97.4258 
4.86551 156.473 8.34507 -20.9364 -66.1342 -96.3335 
4.76196 156.408 8.35673 -19.7607 -65.8554 -95.3694 
4.70384 156.386 8.33347 -18.1379 -65.4818 -94.2532 
4.7311 156.414 8.25021 -16.4714 -65.0653 -93.1292 
4.83597 156.476 8.10511 -15.1842 -64.705 -92.1278 
4.94654 156.546 7.93428 -14.3711 -64.581 -91.2947 
4.99596 156.587 7.78558 -14.02 -64.7717 -90.835 
4.95542 156.562 7.68919 -13.8254 -65.0367 -90.5535 
4.8574 156.475 7.63913 -13.447 -65.0489 -90.0783 
4.77912 156.377 7.60547 -12.7333 -64.843 -89.3297 
4.76869 156.316 7.60289 -11.9227 -64.4687 -88.5691 
4.83097 156.314 7.60683 -11.6311 -63.861 -88.4462 
4.92928 156.366 7.58598 -11.3564 -63.1696 -88.3565 
4.99776 156.442 7.5365 -10.3438 -62.6863 -87.4679 
4.97958 156.499 7.48514 -9.33329 -62.5484 -86.5451 
4.87218 156.509 7.46979 -9.05726 -62.4992 -86.2928 
4.75591 156.483 7.47798 -9.15865 -62.2587 -86.4204 
4.72432 156.444 7.46632 -9.12097 -61.8049 -86.4971 
4.80081 156.412 7.4251 -8.67373 -61.3374 -86.1663 
4.94171 156.399 7.37484 -7.85994 -61.0213 -85.3867 
5.08191 156.408 7.31529 -6.88627 -60.7889 -84.2856 
5.17335 156.43 7.25099 -5.81735 -60.5924 -82.9492 
5.20838 156.44 7.19737 -4.98844 -60.4352 -81.8004 
5.23747 156.431 7.16058 -4.73175 -60.2579 -81.29 
5.32265 156.415 7.11804 -4.32126 -59.9554 -80.8807 
5.45813 156.401 7.06891 -2.93443 -59.5641 -79.611 
5.58506 156.388 7.02809 -0.982298 -59.1716 -77.7015 
5.66887 156.382 7.00022 0.391662 -58.8904 -76.3003 
5.71341 156.388 6.98194 0.497254 -58.6246 -76.1269 
5.76599 156.397 6.93879 0.210011 -57.9982 -76.3941 
5.83687 156.396 6.89391 0.766587 -57.0491 -75.8444 
5.93193 156.378 6.88369 1.73707 -56.232 -74.8861 
6.03704 156.363 6.91201 2.21498 -55.7836 -74.4185 
6.13319 156.358 6.96122 2.16438 -55.4339 -74.4055 
6.21434 156.364 6.97395 2.1704 -55.0084 -74.2474 
6.28212 156.377 6.93565 2.58636 -54.689 -73.7103 
6.3354 156.391 6.89068 3.3173 -54.507 -72.9881 
6.37018 156.403 6.84953 4.13987 -54.3493 -72.2683 
6.39215 156.413 6.80885 4.75051 -54.1668 -71.7799 
6.41163 156.418 6.79047 4.9299 -53.9421 -71.7048 
6.42532 156.42 6.81165 4.90746 -53.5785 -71.76 
6.43183 156.42 6.83939 5.19064 -53.028 -71.4543 
6.43272 156.424 6.84274 5.93022 -52.4141 -70.7115 
6.42919 156.433 6.84004 6.58311 -51.9481 -70.1249 
6.42518 156.442 6.83433 6.94477 -51.6384 -69.8695 
6.42128 156.448 6.82754 7.46308 -51.3039 -69.407 
6.41655 156.445 6.83333 8.13408 -50.8423 -68.7069 
6.40011 156.444 6.84836 8.85746 -50.2351 -67.9634 
6.36672 156.45 6.84821 9.75091 -49.6217 -67.1464 
6.32733 156.447 6.8827 10.3001 -49.1706 -66.7595 
6.28808 156.42 6.9497 10.4724 -48.6176 -66.7816 
6.24253 156.392 7.00756 11.1164 -47.5428 -66.3088 
6.20033 156.368 7.05987 12.2685 -46.3021 -65.3252 
6.18687 156.332 7.12895 13.2045 -45.3947 -64.5629 
6.20604 156.276 7.20686 13.5605 -44.7596 -64.2249 
6.2393 156.211 7.28058 13.3704 -44.2684 -64.1849 
6.28612 156.156 7.33186 13.0736 -43.9625 -64.1926 
6.33836 156.102 7.38301 13.0836 -43.7188 -63.9934 
6.39472 156.037 7.44616 13.3063 -43.4362 -63.6308 
6.43951 155.973 7.50861 13.4851 -43.2038 -63.3252 
6.46326 155.928 7.54657 13.4457 -43.1208 -63.2438 
6.47499 155.901 7.5637 13.286 -43.098 -63.2534 
6.47417 155.886 7.57775 13.119 -43.0825 -63.2473 
6.46602 155.875 7.59813 12.907 -43.1153 -63.3114 
6.44275 155.876 7.61498 12.7764 -43.1161 -63.3768 
6.40978 155.889 7.62925 12.8627 -43.0748 -63.3369 
6.36688 155.907 7.63473 13.0595 -43.0612 -63.2585 
6.31986 155.922 7.64841 13.026 -43.0797 -63.3619 
6.28731 155.932 7.65766 12.7433 -43.1216 -63.6071 
6.26286 155.945 7.65646 12.5497 -43.1191 -63.6707 
6.24258 155.958 7.65176 12.5797 -43.1003 -63.5021 
6.2226 155.963 7.66672 12.6471 -43.0958 -63.3611 
6.19975 155.962 7.70017 12.6419 -43.0822 -63.3672 
6.17926 155.958 7.73733 12.6159 -43.0523 -63.46 
6.15537 155.956 7.77903 12.6761 -42.9804 -63.4841 
6.12917 155.95 7.81487 12.7601 -42.8659 -63.4121 
6.11135 155.932 7.8374 12.5956 -42.8357 -63.4963 
6.10411 155.906 7.85647 12.2379 -42.9318 -63.7647 
6.10399 155.883 7.88272 12.0919 -42.9411 -63.8513 
6.11434 155.874 7.89493 12.1776 -42.8856 -63.7161 
6.12844 155.866 7.91707 12.1828 -42.8407 -63.6983 
6.14818 155.846 7.9638 12.0349 -42.7104 -63.801 
6.17486 155.826 8.00518 11.8284 -42.5881 -63.9071 
6.20562 155.813 8.03005 11.7653 -42.5299 -63.9178 
6.23256 155.802 8.04658 11.9007 -42.4668 -63.7706 
6.25325 155.791 8.05473 11.9892 -42.4194 -63.6375 
6.27162 155.782 8.059 11.9421 -42.4142 -63.6121 
6.28877 155.777 8.06914 11.9051 -42.4143 -63.6068 
6.30607 155.778 8.07466 12.0552 -42.3674 -63.4721 
6.32544 155.781 8.08347 12.3325 -42.3043 -63.2547 
6.35065 155.776 8.08985 12.4492 -42.3492 -63.1802 
6.38095 155.768 8.10017 12.3496 -42.4538 -63.2689 
6.41968 155.764 8.10596 12.2684 -42.4462 -63.2791 
6.47036 155.761 8.12463 12.3027 -42.3562 -63.1483 
6.52173 155.755 8.1536 12.2786 -42.3635 -63.1228 
6.57063 155.746 8.17169 12.1029 -42.4239 -63.258 
6.60674 155.734 8.1837 11.9599 -42.3724 -63.3019 
6.63579 155.716 8.21427 11.9448 -42.2276 -63.2459 
6.64976 155.697 8.25945 11.9445 -42.1351 -63.3087 
6.65858 155.681 8.28843 11.9112 -42.1108 -63.4288 
6.66093 155.666 8.29026 11.8832 -42.0968 -63.4861 
6.65614 155.653 8.28461 11.8919 -42.0884 -63.4912 
6.64762 155.645 8.27742 11.9635 -42.0957 -63.4596 
6.64137 155.639 8.28086 12.0497 -42.0535 -63.4705 
6.62861 155.637 8.27971 12.1787 -41.9915 -63.4669 
6.6013 155.644 8.25688 12.3508 -42.0018 -63.4504 
6.57096 155.671 8.20248 12.4473 -42.1074 -63.6098 
6.54388 155.728 8.10514 12.5223 -42.2433 -63.9954 
6.51648 155.817 7.93508 12.955 -42.3393 -64.263 
6.49024 155.945 7.6691 13.6146 -42.5793 -64.3429 
6.46405 156.107 7.29956 13.7098 -43.1772 -64.7988 
6.42409 156.256 6.88003 13.4778 -44.0726 -65.5809 
6.38492 156.397 6.45095 13.8795 -44.8796 -65.8942 
6.37664 156.609 5.919 15.2531 -45.462 -65.3212 
6.39691 156.896 5.23847 16.9006 -45.9578 -64.4734 
6.42674 157.171 4.53097 17.9059 -46.6998 -64.25 
6.44143 157.386 3.90197 18.2356 -47.7625 -64.612 
6.46478 157.568 3.283 18.6316 -48.762 -64.8125 
6.4909 157.755 2.60415 19.5971 -49.4259 -64.39 
6.50616 157.948 1.89246 20.5477 -50.0729 -63.9273 
6.51441 158.131 1.18477 20.8767 -51.1413 -64.087 
6.52816 158.308 0.474647 21.2074 -52.416 -64.2927 
6.51618 158.483 -0.246396 22.5009 -53.4647 -63.5083 
6.47891 158.656 -0.967819 24.2711 -54.3311 -62.2865 
6.43767 158.837 -1.67285 25.4691 -55.2778 -61.6965 
6.40548 159.019 -2.34392 26.11 -56.4441 -61.5244 
6.366 159.192 -2.97807 26.7666 -57.6907 -61.1446 
6.31419 159.363 -3.60748 27.5628 -58.6201 -60.6169 
6.2457 159.539 -4.25033 28.5984 -59.1948 -59.9183 
6.17855 159.714 -4.90676 29.88 -59.7498 -59.0445 
6.10403 159.887 -5.55408 31.0376 -60.5882 -58.3971 
6.03543 160.054 -6.18122 31.9141 -61.535 -58.0048 
5.96606 160.207 -6.79029 33.0163 -62.2972 -57.2185 
5.90443 160.348 -7.35575 34.1639 -63.0071 -56.3332 
5.8648 160.484 -7.88048 34.7425 -63.8739 -56.0686 
5.83326 160.611 -8.38678 35.0962 -64.703 -56.0189 
5.79507 160.728 -8.88265 35.8119 -65.2719 -55.5352 
5.75759 160.839 -9.35888 36.5912 -65.7437 -54.8634 
5.74275 160.947 -9.78637 36.8403 -66.4463 -54.7395 
5.75502 161.051 -10.1596 36.5592 -67.3109 -55.1887 
5.77527 161.142 -10.5105 36.3611 -67.9614 -55.4594 
5.78483 161.216 -10.8506 36.5149 -68.3982 -55.2827 
5.78042 161.287 -11.168 36.6178 -68.8957 -55.1551 
5.77119 161.371 -11.4676 36.4726 -69.5039 -55.2818 
5.76175 161.48 -11.7607 36.297 -70.079 -55.4086 
5.75285 161.598 -12.0585 36.4548 -70.4835 -55.1036 
5.72357 161.711 -12.3841 36.9444 -70.8065 -54.4651 
5.66647 161.821 -12.7334 37.6363 -71.2452 -53.6982 
5.5721 161.934 -13.0997 38.3339 -71.9349 -52.9442 
5.4467 162.057 -13.4747 39.0952 -72.8746 -52.2214 
5.29281 162.198 -13.8334 39.9826 -73.8991 -51.4264 
5.13192 162.35 -14.1207 40.2564 -74.9719 -51.1953 
4.96396 162.491 -14.369 39.8155 -75.9366 -51.486 
4.76578 162.616 -14.628 39.6559 -76.6117 -51.4202 
4.53295 162.743 -14.8357 39.827 -77.0342 -51.293 
4.26905 162.865 -14.9764 39.8983 -77.2433 -51.3962 
3.99795 162.965 -15.0687 40.1168 -77.5123 -51.2247 
3.74716 163.044 -15.0997 39.5578 -78.2623 -51.6507 
3.53027 163.105 -15.0302 36.5276 -79.4888 -54.563 
3.34779 163.158 -14.8981 32.0657 -80.7189 -58.955 
3.17927 163.214 -14.7767 30.5854 -81.5349 -60.2446 
3.00628 163.272 -14.6909 33.6807 -81.7684 -56.8228 
2.86362 163.319 -14.6026 39.0689 -81.6348 -51.2178 
2.80648 163.355 -14.4589 44.734 -81.6114 -45.458 
2.8626 163.386 -14.2605 48.5763 -81.9717 -41.615 
3.01487 163.399 -14.0421 49.3262 -82.6041 -40.8007 
3.21929 163.39 -13.8195 47.4695 -83.1845 -42.4185 
3.44513 163.379 -13.6015 45.2808 -83.5107 -44.2681 
3.65144 163.354 -13.394 45.6346 -83.5159 -43.4222 
3.81835 163.301 -13.1988 47.0418 -83.2602 -41.4339 
3.93032 163.229 -13.0244 46.0571 -82.9591 -42.118 
3.99794 163.157 -12.8664 44.6696 -82.7137 -43.4883 
4.01387 163.09 -12.7068 45.3733 -82.401 -42.8539 
3.98481 163.02 -12.5507 46.6937 -81.9137 -41.576 
3.93433 162.939 -12.404 47.0795 -81.3646 -41.3272 
3.88828 162.851 -12.2638 47.3333 -80.9084 -41.4632 
3.85385 162.75 -12.1366 48.3208 -80.4902 -40.9592 
3.8226 162.631 -12.0173 49.0378 -80.036 -40.5853 
3.79732 162.511 -11.884 48.9227 -79.6559 -40.9502 
3.79285 162.412 -11.7306 48.7155 -79.464 -41.3353 
3.82194 162.333 -11.5582 48.1531 -79.3539 -42.1607 
3.87013 162.267 -11.3726 46.945 -79.043 -43.7425 
3.93324 162.21 -11.1836 46.0771 -78.488 -44.8449 
4.01057 162.158 -10.9979 45.5266 -77.9233 -45.3226 
4.10654 162.107 -10.8154 44.1816 -77.6724 -46.6616 
4.21762 162.057 -10.6285 42.2088 -77.6576 -48.8312 
4.29509 162.015 -10.4251 41.2765 -77.5132 -49.7951 
4.32917 161.972 -10.2134 40.5189 -77.2627 -50.4704 
4.33089 161.927 -9.99818 38.3725 -77.1282 -52.6915 
4.32777 161.88 -9.76677 35.2645 -77.1466 -56.03 
4.31846 161.836 -9.50432 31.5956 -77.2351 -60.003 
4.31113 161.794 -9.23087 27.689 -77.1839 -64.1765 
4.3038 161.753 -8.95136 23.8967 -77.0817 -68.0063 
4.29427 161.72 -8.6866 20.2874 -77.021 -71.5667 
4.27244 161.691 -8.44308 18.2114 -76.9186 -73.6251 
4.24698 161.668 -8.18785 16.9187 -77.0033 -75.0936 
4.23516 161.647 -7.90061 14.4034 -77.4357 -77.9876 
4.20635 161.616 -7.5892 11.1779 -77.8371 -81.5465 
4.17663 161.559 -7.28038 9.38722 -78.0101 -83.6466 
4.17655 161.476 -6.98552 10.0332 -78.0687 -83.4485 
4.19209 161.371 -6.69586 11.4074 -78.166 -82.487 
4.22929 161.25 -6.39944 10.8204 -78.3756 -83.293 
4.30303 161.124 -6.10492 8.34844 -78.4903 -85.9479 
4.36038 161.007 -5.83915 6.66505 -78.4062 -87.8239 
4.37033 160.906 -5.59707 6.3087 -78.1372 -88.328 
4.37167 160.821 -5.37517 6.01317 -77.7671 -88.732 
4.37278 160.748 -5.18098 5.03134 -77.376 -89.8462 
4.36175 160.698 -5.02759 3.96193 -77.0961 -91.1273 
4.34624 160.675 -4.92386 3.45055 -76.9955 -91.8019 
4.32852 160.663 -4.86987 3.40476 -76.9534 -91.9547 
4.31761 160.651 -4.8889 3.66146 -76.7125 -92.0902 
4.3955 160.652 -5.05524 3.57883 -75.937 -93.493 
4.65524 160.693 -5.47258 4.86701 -74.3621 -94.8509 
5.06109 160.812 -6.27532 10.0267 -72.3556 -92.9623 
5.49952 161.068 -7.54636 17.1828 -71.0308 -88.1749 
5.90668 161.368 -9.10953 20.9983 -71.698 -85.1795 
6.32816 161.533 -10.6378 18.5532 -74.5312 -88.0739 
6.89574 161.675 -12.093 14.5826 -77.8677 -92.5524 
7.62353 161.946 -13.6928 16.3756 -79.9822 -90.9148 
8.40325 162.219 -15.423 20.079 -80.7619 -87.0349 
9.16319 162.372 -17.1138 18.0461 -81.8165 -88.605 
9.88449 162.46 -18.7847 5.07376 -83.9507 -101.1 
10.6112 162.596 -20.5878 -25.4171 -85.9009 -131.358 
11.3456 162.781 -22.5345 -62.1637 -86.9094 -167.433 
11.9431 162.854 -24.3815 -102.951 -87.0372 153.04 
12.394 162.836 -26.0194 -124.343 -85.3489 132.006 
12.8633 162.814 -27.6146 -132.061 -83.4992 123.662 
13.4329 162.831 -29.1786 -142.565 -82.0268 113.473 
14.0151 162.858 -30.4783 -149.563 -80.1515 107.793 
14.5995 162.877 -31.4352 -148.693 -78.3433 109.266 
15.2332 162.894 -32.2358 -146.413 -77.2478 111.721 
15.8312 162.899 -32.9738 -146.631 -76.2048 112.545 
16.287 162.859 -33.542 -146.412 -74.873 113.852 
16.6185 162.783 -33.863 -144.781 -73.6307 115.97 
16.8765 162.724 -34.0531 -143.614 -72.6339 117.389 
17.0496 162.705 -34.2273 -142.881 -71.8291 118.109 
17.1214 162.688 -34.3242 -141.846 -71.2559 118.824 
17.1294 162.661 -34.2626 -141.046 -70.8161 119.452 
17.1329 162.642 -34.1122 -140.633 -70.3826 119.854 
17.162 162.614 -34.0079 -139.928 -69.9284 120.401 
17.1889 162.569 -33.9251 -138.669 -69.3285 121.683 
17.1891 162.526 -33.755 -137.07 -68.5201 123.568 
17.1977 162.484 -33.5047 -135.451 -67.6662 125.275 
17.2696 162.423 -33.2397 -133.84 -66.6387 126.811 
17.3477 162.34 -32.8511 -132.596 -64.7361 128.525 
17.2403 162.261 -32.1139 -132.122 -61.3344 130.344 
16.9447 162.258 -31.0155 -132.278 -56.9066 131.42 
16.7049 162.356 -29.7752 -134.136 -53.4758 130.642 
16.4537 162.484 -28.4145 -138.273 -51.8359 129.098 
15.9089 162.567 -26.712 -141.36 -50.9597 129.116 
15.2104 162.673 -24.6512 -140.284 -50.4441 131.456 
14.6382 162.89 -22.4161 -137.027 -49.8091 135.301 
14.0029 163.11 -19.9652 -133.719 -48.8722 139.868 
13.0543 163.191 -17.1671 -130.199 -48.3597 144.465 
12.0346 163.229 -14.2195 -126.184 -49.0846 148.764 
11.2685 163.338 -11.5361 -121.725 -50.5795 153.12 
10.687 163.425 -9.21749 -117.495 -52.3755 157.42 
10.0174 163.385 -6.98877 -113.885 -54.1919 161.356 
9.31884 163.296 -4.81028 -109.503 -55.6586 165.314 
8.98637 163.383 -3.20355 -102.39 -57.4388 170.567 
8.95605 163.675 -2.42817 -93.8581 -59.519 177.162 
8.85881 163.9 -2.128 -87.9546 -60.8323 -177.662 
8.67617 163.949 -1.97671 -85.1734 -61.599 -175.337 
8.74194 164.032 -2.19208 -83.5394 -62.7306 -174.7 
9.1237 164.298 -2.94439 -83.3448 -64.0571 -175.617 
9.64635 164.604 -3.96067 -85.1595 -64.5522 -177.963 
10.2025 164.861 -4.9344 -88.9365 -63.9138 178.652 
10.755 165.181 -5.87569 -94.2219 -63.1178 174.24 
11.2908 165.606 -6.88713 -98.9372 -62.7659 169.96 
11.7062 166.04 -7.85727 -102.439 -62.5072 166.73 
11.961 166.423 -8.72243 -105.413 -62.0087 164.241 
12.1235 166.775 -9.55882 -108.031 -61.3188 161.793 
12.2267 167.118 -10.3906 -110.862 -60.6553 158.815 
12.264 167.452 -11.13 -113.696 -60.1283 155.809 
12.2363 167.758 -11.6981 -115.314 -59.5428 153.971 
12.1617 168.016 -12.1053 -115.897 -58.886 153.169 
12.0509 168.215 -12.3887 -116.361 -58.458 152.525 
11.9195 168.361 -12.587 -116.791 -58.2265 151.846 
11.7883 168.475 -12.7072 -117.077 -57.9509 151.315 
11.6482 168.571 -12.7512 -117.229 -57.6661 151.082 
11.5162 168.655 -12.7501 -117.395 -57.5222 150.988 
11.4067 168.712 -12.7119 -117.559 -57.4725 150.912 
11.305 168.738 -12.6321 -117.476 -57.2497 151.056 
11.2056 168.742 -12.532 -117.245 -56.855 151.328 
11.1182 168.73 -12.4235 -117.147 -56.6045 151.538 
11.0078 168.711 -12.3252 -117.032 -56.4482 151.799 
10.8777 168.695 -12.2416 -116.894 -56.2988 152.006 
10.765 168.677 -12.1781 -116.905 -56.2166 151.893 
10.6697 168.651 -12.1307 -117.091 -56.1003 151.518 
10.5798 168.616 -12.0796 -117.138 -55.9051 151.387 
10.518 168.577 -12.0147 -116.851 -55.7298 151.625 
10.4837 168.527 -11.9516 -116.599 -55.5776 151.936 
10.4597 168.466 -11.9052 -116.787 -55.2644 151.931 
10.4523 168.414 -11.8695 -117.284 -54.9901 151.694 
10.4362 168.374 -11.8056 -117.532 -54.7289 151.703 
10.4151 168.313 -11.7314 -117.568 -54.2055 151.711 
10.4092 168.166 -11.6606 -119.039 -53.6531 150.435 
10.3171 167.893 -11.4652 -123.03 -53.1496 147.629 
9.96354 167.54 -11.0025 -127.148 -51.9116 145.582 
9.39734 167.202 -10.2712 -128.001 -50.0433 145.498 
8.76098 166.904 -9.20598 -126.739 -49.5457 145.684 
8.00323 166.519 -7.70971 -125.072 -51.1163 146.107 
7.20364 165.987 -5.92795 -122.157 -52.9868 148.167 
6.56457 165.438 -4.17153 -118.015 -54.2733 151.668 
5.94051 164.936 -2.45006 -113.559 -55.0838 156.139 
5.19769 164.437 -0.604067 -108.877 -55.3172 161.472 
4.73477 164.07 1.12483 -103.05 -55.7735 167.996 
4.77401 163.965 2.34234 -96.3491 -56.7633 175.031 
5.02072 163.984 3.03217 -90.7244 -57.544 -179.33 
5.14162 163.917 3.41992 -87.2409 -57.5624 -175.875 
5.19584 163.776 3.52026 -85.2137 -57.1848 -174.291 
5.34648 163.73 3.18943 -83.3123 -57.5184 -173.439 
5.54404 163.801 2.55203 -81.6502 -58.6228 -172.946 
5.74405 163.893 1.87518 -80.8999 -59.5103 -173.185 
6.01757 164.056 1.17526 -80.2045 -60.0718 -173.562 
6.40921 164.406 0.285062 -79.4358 -60.5617 -173.885 
6.86523 164.852 -0.746254 -80.1473 -60.679 -175.098 
7.33299 165.244 -1.77465 -82.1663 -60.9632 -176.948 
7.8235 165.595 -2.84558 -85.7001 -61.8031 179.911 
8.31148 165.998 -4.06517 -91.4252 -62.1531 174.803 
8.71396 166.411 -5.33591 -97.5502 -61.5592 169.563 
8.99357 166.728 -6.44616 -102.284 -60.7513 165.71 
9.18374 166.953 -7.35922 -105.73 -60.0962 162.835 
9.30109 167.18 -8.19421 -108.249 -59.383 160.401 
9.31988 167.42 -8.94185 -109.972 -58.8875 158.397 
9.2279 167.6 -9.50467 -111.751 -59.0529 156.568 
9.09092 167.706 -9.90844 -114.205 -59.278 154.414 
9.01121 167.806 -10.3354 -115.841 -59.0233 152.807 
8.99687 167.912 -10.8706 -117.247 -58.7358 151.491 
8.92123 167.985 -11.377 -120.447 -58.3612 149.124 
8.73272 168.038 -11.7557 -123.779 -57.5538 146.511 
8.5593 168.113 -12.1124 -125.175 -57.0322 144.908 
8.43913 168.212 -12.4653 -125.912 -57.0766 143.676 
8.29064 168.28 -12.6762 -127.134 -57.1648 142.366 
8.11121 168.273 -12.7412 -127.771 -56.986 141.792 
7.97475 168.224 -12.749 -127.763 -56.7494 141.867 
7.90505 168.181 -12.735 -127.876 -56.7333 142.008 
7.88846 168.141 -12.7102 -128.215 -56.6397 142.164 
7.92015 168.087 -12.6969 -128.816 -56.1939 142.299 
7.98726 168.033 -12.6988 -129.456 -55.6137 142.387 
8.07716 167.986 -12.7166 -129.833 -55.1611 142.7 
8.17382 167.934 -12.7497 -130.178 -54.8031 143.002 
8.24277 167.874 -12.735 -130.464 -54.6325 143.12 
8.26939 167.813 -12.6681 -130.642 -54.6056 143.145 
8.2614 167.758 -12.5648 -130.619 -54.6547 143.398 
8.25333 167.704 -12.4381 -130.719 -54.8914 143.678 
8.29244 167.656 -12.3222 -131.651 -55.1948 143.286 
8.38649 167.619 -12.1929 -133.052 -55.2182 142.616 
8.50593 167.599 -11.9826 -134.612 -54.9459 142.159 
8.53372 167.628 -11.5445 -136.217 -54.466 142.176 
8.29971 167.696 -10.7197 -136.988 -54.0701 142.955 
7.80261 167.704 -9.51039 -136.749 -54.7216 143.94 
7.21578 167.574 -8.10514 -135.839 -56.5499 145.039 
6.75179 167.35 -6.76527 -134.279 -58.7014 146.572 
6.59581 167.178 -5.73224 -131.848 -60.5811 148.676 
6.70887 167.115 -5.15179 -128.482 -62.0601 151.374 
6.90501 167.091 -5.031 -125.028 -63.0844 154.02 
7.06163 167.042 -5.23048 -122.371 -63.6046 155.927 
7.12014 166.992 -5.60817 -120.879 -63.5356 156.839 
7.11363 166.985 -6.09607 -121.831 -63.3788 155.557 
7.07726 167.049 -6.65337 -125.071 -63.7149 152.236 
6.92639 167.186 -7.2397 -128.742 -64.1488 148.616 
6.64886 167.407 -7.8296 -131.533 -63.9903 145.892 
6.3672 167.684 -8.38836 -133.316 -63.1708 144.062 
6.17792 167.907 -8.90262 -134.964 -62.4142 142.32 
6.04787 167.975 -9.40107 -136.847 -61.772 140.298 
5.9234 167.918 -9.87144 -138.721 -61.0047 138.19 
5.82427 167.865 -10.2731 -140.526 -60.4768 136.192 
5.71195 167.895 -10.5587 -141.798 -60.1616 134.825 
5.5804 167.995 -10.7044 -142.017 -59.949 134.549 
5.48089 168.105 -10.7253 -142.128 -60.0766 134.38 
5.41676 168.159 -10.6823 -142.591 -60.3886 133.56 
5.36622 168.137 -10.6384 -142.874 -60.6185 132.934 
5.36868 168.067 -10.624 -142.813 -60.667 132.843 
5.44261 167.979 -10.6318 -142.678 -60.5716 132.998 
5.51712 167.896 -10.6597 -142.615 -60.3447 133.248 
5.56674 167.845 -10.6935 -142.915 -60.1047 133.278 
5.59742 167.83 -10.7297 -143.033 -59.9835 133.432 
5.66188 167.824 -10.7534 -142.875 -59.9785 133.696 
5.80797 167.799 -10.7775 -143.211 -60.093 133.465 
6.01719 167.748 -10.791 -144.048 -60.1852 132.914 
6.2022 167.707 -10.7393 -145.133 -59.9816 132.448 
6.19064 167.819 -10.4854 -146.366 -59.6541 132.473 
5.87244 168.133 -9.92286 -146.38 -59.7571 134.08 
5.47985 168.416 -9.11516 -144.808 -60.6177 136.813 
5.3862 168.39 -8.30904 -143.994 -62.152 138.082 
5.5644 168.032 -7.7601 -144.905 -64.2083 137.441 
5.73198 167.577 -7.50199 -145.364 -65.929 137.12 
5.74349 167.283 -7.43651 -143.565 -66.6254 138.757 
5.63132 167.189 -7.54384 -141.086 -66.7026 140.83 
5.51428 167.172 -7.8419 -140.367 -67.0433 140.889 
5.43689 167.164 -8.23763 -141.585 -67.6378 138.773 
5.3413 167.199 -8.63739 -143.123 -68.21 136.162 
5.11891 167.31 -9.04887 -144.493 -68.9131 133.921 
4.7907 167.498 -9.49893 -145.979 -69.4364 131.769 
4.53932 167.717 -9.97056 -148.001 -69.319 129.022 
4.45072 167.843 -10.4086 -150.88 -69.0603 125.452 
4.4037 167.805 -10.7656 -153.349 -68.9769 122.745 
4.27491 167.721 -11.0432 -153.902 -68.6342 122.444 
4.14438 167.716 -11.2658 -153.827 -68.0192 122.709 
4.15814 167.749 -11.4701 -154.722 -67.6263 121.521 
4.34136 167.696 -11.6336 -156.151 -67.3112 119.743 
4.55278 167.533 -11.6889 -156.828 -66.989 119.26 
4.65649 167.397 -11.6068 -156.274 -66.9212 120.364 
4.66187 167.398 -11.4326 -155.269 -67.1403 121.752 
4.64422 167.478 -11.2143 -154.561 -67.6444 122.52 
4.66174 167.496 -10.9697 -153.937 -68.5143 122.813 
4.73238 167.396 -10.7309 -153.102 -69.6348 123.19 
4.79872 167.256 -10.5423 -151.868 -70.4756 124.348 
4.77716 167.18 -10.4333 -150.186 -70.6694 126.105 
4.71301 167.234 -10.4294 -149.412 -70.7158 126.662 
4.7029 167.399 -10.5319 -150.279 -70.9668 125.514 
4.74105 167.545 -10.6967 -151.793 -71.1791 124.091 
4.73457 167.58 -10.8976 -152.099 -70.8861 124.128 
4.69617 167.574 -11.1887 -151.942 -69.9634 124.656 
4.6796 167.637 -11.6025 -153.713 -68.8331 123.307 
4.68096 167.733 -12.047 -156.918 -67.8603 120.29 
4.71065 167.752 -12.411 -160.21 -67.3453 116.933 
4.76768 167.652 -12.6572 -162.448 -67.1406 114.859 
4.79852 167.504 -12.7945 -162.286 -66.6791 115.514 
4.80438 167.452 -12.8552 -160.684 -66.0138 117.504 
4.855 167.544 -12.8704 -160.712 -65.9038 117.746 
4.97759 167.654 -12.8592 -163.005 -66.5109 115.748 
5.15172 167.648 -12.8338 -165.384 -67.2381 113.58 
5.29593 167.55 -12.7827 -166.293 -67.5862 113.242 
5.34376 167.491 -12.7138 -165.485 -67.4226 115.091 
5.34914 167.542 -12.6777 -163.662 -67.0453 117.628 
5.42966 167.622 -12.6743 -163.152 -66.905 118.115 
5.57808 167.602 -12.674 -164.869 -67.2038 116.212 
5.66971 167.477 -12.6587 -167.058 -67.5442 114.271 
5.65391 167.402 -12.6458 -167.651 -67.6695 114.344 
5.66046 167.471 -12.6612 -167.221 -67.6096 115.346 
5.76826 167.588 -12.6919 -168.093 -67.642 114.9 
5.90759 167.616 -12.7107 -170.536 -67.9055 112.947 
5.96203 167.566 -12.7026 -172.167 -68.116 111.793 
5.94427 167.566 -12.686 -171.831 -68.1167 112.353 
5.94696 167.642 -12.6803 -171.419 -68.0759 112.751 
5.97445 167.689 -12.6465 -171.688 -68.1359 112.388 
5.94678 167.641 -12.5473 -171.767 -68.3104 112.194 
5.83226 167.587 -12.4001 -171.775 -68.5243 112.029 
5.69126 167.64 -12.2612 -171.847 -68.7205 111.672 
5.60847 167.761 -12.1479 -171.952 -68.8936 111.186 
5.64123 167.815 -12.0282 -172.543 -69.1097 110.248 
5.74382 167.733 -11.8717 -173.664 -69.3458 108.97 
5.79347 167.618 -11.6775 -174.92 -69.672 108.251 
5.7512 167.62 -11.4853 -175.245 -70.1889 108.862 
5.71849 167.732 -11.3273 -174.717 -70.6518 109.765 
5.73943 167.806 -11.1657 -175.017 -70.9534 109.359 
5.71708 167.756 -10.9718 -175.763 -71.264 108.423 
5.60913 167.685 -10.7734 -175.693 -71.5655 108.411 
5.49901 167.775 -10.5978 -175.395 -71.9208 108.801 
5.49437 167.979 -10.4599 -176.122 -72.3326 108.197 
5.60503 168.091 -10.3266 -177.97 -72.6589 106.352 
5.69921 168.037 -10.1623 -179.852 -72.9317 104.533 
5.68499 167.944 -9.95228 179.39 -73.212 104.008 
5.64067 167.955 -9.7285 179.558 -73.5433 104.323 
5.6478 168.023 -9.51731 178.255 -74.0283 103.029 
5.68078 168.011 -9.32907 174.19 -74.694 99.0106 
5.6735 167.896 -9.16276 170.072 -75.3409 95.059 
5.6272 167.805 -8.99299 169.513 -75.7234 94.7818 
5.63164 167.818 -8.82045 171.895 -75.8509 97.5136 
5.76177 167.837 -8.67241 173.808 -75.9574 99.6777 
5.9797 167.723 -8.55746 174.069 -76.0999 100.14 
6.16614 167.5 -8.46554 174.577 -76.0995 101.032 
6.24212 167.346 -8.37481 176.23 -75.8404 103.333 
6.23483 167.364 -8.27983 177.311 -75.7313 105.001 
6.21762 167.446 -8.18279 177.319 -75.9749 105.055 
6.20709 167.454 -8.10732 177.144 -76.2456 104.54 
6.18146 167.369 -8.08286 177.077 -76.3268 104.202 
6.11387 167.269 -8.11059 177.176 -76.1816 104.329 
5.99712 167.212 -8.17887 178.046 -75.8221 105.314 
5.94113 167.18 -8.28005 178.597 -75.4261 105.683 
6.02531 167.077 -8.3694 177.94 -74.9591 104.687 
6.10505 166.84 -8.33934 177.184 -74.3955 104.104 
5.89387 166.59 -8.11897 177.859 -74.2475 105.522 
5.35303 166.472 -7.70253 179.878 -74.7944 107.911 
4.7808 166.416 -7.08969 -179.661 -75.5335 107.62 
4.49522 166.208 -6.2783 176.73 -75.994 102.447 
4.48996 165.731 -5.31484 171.305 -76.6034 95.7948 
4.51606 165.14 -4.27643 168.433 -78.0476 92.9577 
4.46741 164.753 -3.21234 170.468 -80.2671 96.0122 
4.50197 164.689 -2.24653 174.871 -82.7479 101.313 
4.81612 164.761 -1.52713 173.056 -85.0283 99.5444 
5.31328 164.691 -1.03867 155.623 -86.2145 81.6253 
5.6139 164.417 -0.589326 139.199 -86.1573 65.1949 
5.42019 164.158 0.0595297 141.618 -86.4523 68.4016 
4.81817 164.092 0.93509 162.19 -87.6893 89.3893 
4.24093 164.133 1.84617 179.338 -89.1867 105.517 
4.11868 164.052 2.596 57.4765 -88.2904 -18.6045 
4.43662 163.665 3.14917 63.0116 -85.3731 -15.031 
4.73074 162.999 3.7084 68.3554 -83.6323 -9.42035 
4.7283 162.297 4.48632 65.2907 -84.3153 -10.4281 
4.66566 161.789 5.41214 43.9447 -85.7776 -30.2718 
4.83677 161.445 6.26798 26.0517 -84.5745 -48.1672 
5.2275 161.083 6.92722 31.8667 -81.4689 -43.1819 
5.55209 160.627 7.46458 38.4949 -78.6352 -37.0915 
5.53373 160.202 8.08909 37.6392 -77.6554 -37.4967 
5.24364 159.962 8.84109 29.4586 -77.7135 -44.9674 
4.98406 159.893 9.54843 24.0905 -76.5462 -50.5913 
4.98191 159.855 10.0531 26.7943 -74.0062 -49.2805 
5.20663 159.702 10.3753 30.9543 -71.6947 -46.3985 
5.41721 159.408 10.6553 32.0463 -70.8725 -45.1997 
5.44816 159.101 11.0275 29.5691 -71.2794 -46.4263 
5.402 158.908 11.4881 25.4221 -71.5669 -49.5339 
5.46168 158.834 11.9092 23.0723 -70.7132 -51.9843 
5.69613 158.744 12.2301 24.1298 -69.0212 -51.8067 
5.99721 158.542 12.5069 26.8524 -67.3007 -49.8221 
6.15581 158.269 12.8578 28.6286 -65.9697 -47.8307 
6.10763 158.023 13.3342 28.1691 -65.1664 -47.5774 
5.99363 157.851 13.8246 26.9638 -64.3535 -48.7251 
5.97663 157.717 14.2054 27.4362 -62.9327 -49.1221 
6.08922 157.539 14.4681 29.16 -61.1841 -48.4136 
6.20201 157.298 14.6993 30.4574 -59.74 -47.3322 
6.18412 157.08 15.0081 30.6357 -58.7794 -46.5502 
6.08464 156.963 15.4005 29.9992 -58.0812 -46.7603 
6.05605 156.916 15.7556 29.5151 -57.1067 -47.6251 
6.18644 156.835 15.9976 29.4012 -55.767 -48.2556 
6.4205 156.657 16.1561 28.8573 -54.595 -48.7755 
6.63965 156.436 16.2974 27.7992 -53.8092 -49.2847 
6.80234 156.258 16.4948 27.0261 -53.3527 -49.4003 
6.9266 156.149 16.7334 26.8231 -52.8338 -49.2008 
7.05147 156.071 16.9613 26.619 -52.2078 -49.3532 
7.2613 155.968 17.1367 26.1663 -51.645 -49.9984 
7.66013 155.819 17.2144 26.344 -50.9168 -49.9437 
8.24572 155.587 17.2237 27.8243 -49.8796 -47.9486 
8.79977 155.191 17.3915 30.1108 -48.9721 -44.0169 
9.03148 154.597 17.9838 31.9591 -48.2365 -39.65 
8.88005 153.896 18.9963 31.8555 -46.6103 -38.0262 
8.61228 153.221 20.2243 30.2312 -43.3434 -39.9802 
8.65759 152.562 21.4232 29.1017 -38.8828 -42.6914 
9.21695 151.875 22.3112 28.7948 -34.1172 -44.2514 
10.0477 151.202 22.7411 28.2785 -29.5416 -44.6667 
10.7494 150.572 22.8499 26.9599 -25.4996 -43.9789 
11.1739 150.008 22.9016 25.1106 -22.3154 -42.9422 
11.4478 149.602 23.0044 23.2634 -19.9166 -43.1334 
11.7863 149.438 23.0634 21.6922 -17.7922 -44.9355 
12.3484 149.476 22.8901 20.0952 -16.0072 -47.1016 
13.0428 149.622 22.4122 18.5067 -14.9783 -48.044 
13.5286 149.835 21.8214 18.02 -14.3075 -46.4827 
13.5732 150.141 21.3861 18.7155 -13.3904 -43.6317 
13.2812 150.539 21.1678 19.4557 -12.2419 -42.4985 
12.929 150.991 21.0329 19.7472 -10.9382 -44.094 
12.73 151.415 20.813 19.7539 -9.87335 -46.9044 
12.7123 151.771 20.3763 19.4229 -9.3814 -49.0535 
12.736 152.133 19.7342 18.9438 -9.03054 -49.3019 
12.6388 152.553 19.098 19.0424 -8.61801 -47.8828 
12.4103 153.055 18.5706 19.582 -8.42886 -46.8676 
12.1819 153.631 18.0627 20.0287 -8.77246 -47.6335 
12.063 154.231 17.4542 20.5087 -9.49775 -49.2426 
12.0271 154.788 16.7708 21.3465 -10.3394 -49.8209 
11.8976 155.329 16.1421 22.4447 -11.0298 -48.8892 
11.6016 155.948 15.6108 23.0426 -11.4976 -48.0959 
11.2639 156.625 15.0965 22.9954 -12.1934 -48.6143 
10.9928 157.259 14.5087 23.1652 -13.0155 -49.7924 
10.7782 157.781 13.8584 24.1965 -13.6727 -50.4192 
10.5058 158.239 13.2191 25.6461 -14.3016 -50.0386 
10.1266 158.736 12.6371 26.7165 -15.3299 -49.4006 
9.70223 159.279 12.0855 27.3024 -16.5911 -49.1135 
9.31993 159.767 11.5701 27.6546 -17.6246 -49.2606 
9.03401 160.102 11.1161 27.7584 -18.5097 -49.6906 
8.80653 160.321 10.6964 27.7361 -19.4808 -49.7605 
8.58626 160.572 10.2766 28.0433 -20.3907 -49.053 
8.40088 160.888 9.84238 28.451 -21.2528 -48.4468 
8.30612 161.164 9.40075 28.5324 -22.2241 -48.4764 
8.22389 161.343 8.9697 28.8397 -23.0763 -48.1627 
8.03809 161.492 8.5854 29.8072 -23.7955 -47.0428 
7.77475 161.7 8.23714 30.9703 -24.695 -46.0671 
7.52542 161.946 7.86686 31.793 -25.6477 -45.7452 
7.34739 162.129 7.46449 32.2749 -26.4362 -45.7499 
7.21474 162.218 7.08296 32.7537 -27.2174 -45.6356 
7.09071 162.305 6.76269 33.5527 -28.1906 -44.9649 
6.97759 162.458 6.47118 34.6715 -29.1481 -43.7569 
6.8826 162.624 6.18295 35.6198 -29.9517 -42.8007 
6.80567 162.704 5.94678 36.0253 -30.7358 -42.5811 
6.73917 162.693 5.82095 36.2489 -31.4159 -42.589 
6.67736 162.669 5.78335 36.6634 -31.6769 -42.3873 
6.62841 162.667 5.76935 37.2507 -31.6488 -41.9614 
6.60029 162.661 5.75781 37.7708 -31.8411 -41.4103 
6.60679 162.64 5.75897 38.0745 -32.2908 -40.9821 
6.65962 162.605 5.77073 38.4298 -32.7941 -40.6331 
6.7499 162.548 5.79667 38.9479 -33.1654 -40.1607 
6.86777 162.478 5.83751 39.5205 -33.4099 -39.5711 
7.0074 162.402 5.91445 40.2363 -33.8282 -38.9077 
7.15782 162.287 6.07099 41.3601 -34.6302 -38.1269 
7.29637 162.082 6.37438 43.2925 -35.6966 -37.1135 
7.42457 161.714 6.88828 46.6213 -36.7959 -35.301 
7.57936 161.121 7.65366 51.2681 -38.0294 -32.3691 
7.81995 160.314 8.6495 55.8449 -39.5807 -29.7809 
8.20193 159.396 9.6961 58.1835 -40.4144 -29.5198 
8.76182 158.471 10.5596 58.0789 -39.5403 -30.8486 
9.39171 157.662 11.0918 56.5384 -37.6092 -32.3292 
9.92292 157.065 11.3821 53.8252 -35.9325 -34.2871 
10.2417 156.672 11.6924 50.8834 -34.5744 -36.3818 
10.2876 156.462 12.0574 48.5793 -32.8443 -37.9057 
10.1949 156.418 12.3085 47.0683 -31.339 -39.3079 
10.2304 156.456 12.3076 46.3323 -30.9537 -40.528 
10.4651 156.461 12.0875 46.4172 -31.2944 -40.5489 
10.6838 156.41 11.8743 46.8863 -31.508 -39.4333 
10.6382 156.35 11.9407 46.8989 -31.5962 -38.7502 
10.3285 156.292 12.3117 46.177 -31.6222 -39.9325 
10.002 156.207 12.774 45.5284 -31.2229 -42.1982 
9.9126 156.055 13.1305 45.3645 -30.3763 -44.1934 
10.0761 155.827 13.3207 45.2238 -29.3108 -45.4846 
10.2751 155.574 13.441 44.5718 -28.0463 -45.987 
10.3127 155.353 13.6878 43.1714 -26.6562 -46.4314 
10.2257 155.183 14.1153 41.3512 -25.5299 -47.8622 
10.1769 155.061 14.5867 39.8489 -24.6907 -49.9728 
10.2868 154.956 14.9281 39.109 -23.8328 -51.7595 
10.6012 154.845 15.0381 38.5285 -22.9202 -52.9333 
11.0165 154.732 14.984 37.5809 -22.0445 -53.2828 
11.303 154.608 14.973 36.4256 -21.2251 -52.7219 
11.3567 154.428 15.1427 35.3229 -20.6696 -52.2462 
11.2831 154.195 15.4442 34.5059 -20.4246 -52.8348 
11.2797 153.978 15.7185 34.0113 -19.8686 -54.1922 
11.4523 153.796 15.8443 33.2969 -18.3791 -55.7202 
11.7871 153.635 15.8168 32.0354 -16.27 -57.0042 
12.181 153.523 15.7595 30.5611 -14.4216 -57.5054 
12.4768 153.496 15.7652 29.3663 -13.1597 -56.8111 
12.5455 153.541 15.8381 28.6418 -12.3896 -55.5752 
12.4347 153.632 15.9372 28.0821 -11.9813 -55.2663 
12.3237 153.736 15.9755 27.3517 -11.6272 -56.2457 
12.3547 153.802 15.862 26.3192 -11.0266 -57.6949 
12.5544 153.835 15.5856 25.1095 -10.3709 -58.822 
12.7896 153.912 15.2377 24.4036 -9.93555 -58.7868 
12.8689 154.096 14.935 24.5469 -10.008 -57.3753 
12.7357 154.364 14.6942 24.8809 -10.7758 -55.9238 
12.5373 154.647 14.4586 24.8515 -12.1375 -55.7162 
12.4225 154.916 14.1701 24.5687 -13.413 -56.4813 
12.393 155.175 13.8305 24.7296 -14.1806 -56.8395 
12.3496 155.459 13.4894 25.7943 -14.8666 -55.9101 
12.2132 155.783 13.1973 27.2919 -16.0804 -54.2868 
11.9963 156.107 12.9684 28.4961 -17.7104 -53.1465 
11.7994 156.385 12.742 29.256 -19.1344 -52.902 
11.7315 156.59 12.4736 29.9331 -20.291 -52.9068 
11.7409 156.728 12.2193 30.6927 -21.5762 -52.2487 
11.7286 156.812 12.0473 31.3591 -23.0623 -51.1776 
11.6232 156.834 11.99 32.0229 -24.4417 -50.1832 
11.4715 156.769 12.0394 32.8992 -25.7505 -49.4349 
11.4158 156.602 12.1492 34.0254 -27.2662 -48.8849 
11.5502 156.304 12.2945 35.2607 -28.7271 -48.2857 
11.8159 155.847 12.5064 36.0824 -29.4416 -47.7597 
12.0608 155.303 12.7823 35.7343 -29.1608 -47.9623 
12.2405 154.837 13.0545 34.1845 -28.2235 -49.0924 
12.4106 154.572 13.253 32.4298 -26.6495 -50.4732 
12.5843 154.518 13.3385 31.1908 -24.5091 -51.382 
12.7237 154.619 13.295 30.0364 -22.6247 -51.928 
12.768 154.827 13.1336 28.853 -21.8474 -52.2464 
12.6133 155.107 12.935 28.5116 -22.0439 -51.8328 
12.2203 155.4 12.7672 29.0361 -22.502 -51.0769 
11.7369 155.648 12.5951 29.2991 -22.8614 -51.3352 
11.3784 155.831 12.3437 28.8306 -22.9163 -52.708 
11.2251 155.951 12.0176 28.3353 -22.6534 -53.7327 
11.1885 156.044 11.7169 28.4667 -22.5368 -53.2702 
11.1138 156.156 11.5391 28.7957 -22.699 -52.0096 
10.955 156.279 11.498 28.6771 -22.8936 -51.4555 
10.813 156.386 11.4993 28.1682 -22.9767 -51.9108 
10.7634 156.468 11.4498 27.9749 -22.898 -52.2839 
10.7194 156.529 11.3679 28.3326 -22.7454 -51.913 
10.5351 156.609 11.3153 28.8255 -22.8476 -51.2969 
10.2094 156.751 11.2859 29.1932 -23.282 -51.114 
9.87599 156.953 11.1947 29.6478 -23.6466 -51.2145 
9.6396 157.151 11.017 30.3768 -23.8273 -51.0054 
9.46129 157.29 10.8473 31.0392 -24.2288 -50.4553 
9.2525 157.402 10.7743 31.3189 -25.1319 -50.1676 
9.01535 157.567 10.7567 31.7795 -25.8436 -49.8589 
8.81053 157.793 10.6878 32.6387 -25.9448 -49.243 
8.67506 157.976 10.5311 33.1315 -26.1452 -49.0757 
8.60073 158.058 10.3267 33.0366 -26.6338 -49.2474 
8.53913 158.106 10.1406 32.9994 -27.1488 -48.9838 
8.47419 158.21 9.99847 33.2827 -27.6275 -48.3855 
8.41847 158.339 9.88175 33.7045 -28.0195 -47.969 
8.38389 158.405 9.79062 33.979 -28.2901 -47.961 
8.36866 158.389 9.75379 34.0251 -28.3727 -48.0988 
8.3627 158.367 9.75146 34.0267 -28.3703 -48.0457 
8.35145 158.379 9.75892 34.0782 -28.3264 -47.9135 
8.32647 158.387 9.79041 34.0686 -28.2237 -47.9673 
8.3022 158.359 9.8553 33.9351 -28.1038 -48.1947 
8.29941 158.323 9.90863 33.8485 -28.008 -48.3472 
8.31454 158.305 9.9151 33.9895 -27.9656 -48.2731 
8.32529 158.315 9.87168 34.2064 -27.9644 -48.0959 
8.31622 158.351 9.80826 34.2681 -28.0287 -47.9575 
8.2781 158.398 9.74535 34.1971 -28.1722 -47.9284 
8.21043 158.441 9.69626 34.1573 -28.2811 -47.978 
8.13633 158.485 9.66033 34.178 -28.3725 -48.1063 
8.05425 158.545 9.60405 34.182 -28.5064 -48.3079 
7.94309 158.615 9.5344 34.2086 -28.668 -48.4859 
7.8103 158.697 9.43831 34.4154 -28.8622 -48.4447 
7.68542 158.779 9.31082 34.5836 -29.061 -48.3615 
7.58093 158.852 9.17377 34.6417 -29.293 -48.3633 
7.48347 158.936 9.0306 34.7726 -29.4331 -48.3085 
7.38703 159.036 8.87965 35.062 -29.5263 -48.1055 
7.27816 159.137 8.72089 35.4196 -29.7335 -47.8611 
7.14246 159.227 8.56489 35.7207 -29.9791 -47.8053 
6.99194 159.306 8.41728 35.9288 -30.1702 -47.8933 
6.86011 159.39 8.25945 36.0485 -30.4789 -47.9722 
6.77188 159.489 8.08565 36.1021 -30.873 -48.0217 
6.7142 159.591 7.91041 36.203 -31.1569 -47.9602 
6.6749 159.691 7.73383 36.3435 -31.3998 -47.7453 
6.65048 159.793 7.5391 36.395 -31.7782 -47.5843 
6.62449 159.907 7.3311 36.3945 -32.1148 -47.5378 
6.57528 160.027 7.12895 36.6202 -32.3363 -47.3792 
6.49184 160.148 6.93741 37.0202 -32.5672 -47.2035 
6.38537 160.273 6.74429 37.3971 -32.8401 -47.0742 
6.25703 160.401 6.55347 37.5755 -33.1778 -47.0993 
6.11489 160.533 6.36461 37.5785 -33.6212 -47.3497 
5.9793 160.671 6.15702 37.6331 -34.0664 -47.5436 
5.8627 160.801 5.93976 37.8478 -34.4201 -47.5181 
5.77169 160.918 5.71898 38.0159 -34.7569 -47.5162 
5.70289 161.036 5.48882 38.2264 -35.1714 -47.5143 
5.63364 161.159 5.24591 38.5062 -35.6625 -47.4727 
5.55168 161.281 4.97858 38.6587 -36.3416 -47.6338 
5.45871 161.409 4.68019 38.8072 -37.1197 -47.8577 
5.35109 161.554 4.35161 39.2698 -37.8087 -47.7212 
5.23477 161.704 4.03652 39.8365 -38.543 -47.4653 
5.11904 161.852 3.72227 40.1644 -39.516 -47.4705 
5.01177 162.004 3.38696 40.2713 -40.5311 -47.695 
4.91532 162.166 3.03044 40.3007 -41.4493 -47.9556 
4.81116 162.329 2.66329 40.4399 -42.2473 -48.0179 
4.6944 162.482 2.31208 40.7412 -43.1006 -47.9992 
4.56576 162.619 1.99374 40.871 -44.2331 -48.3486 
4.42161 162.748 1.72545 40.8341 -45.6317 -49.0866 
4.26131 162.892 1.48081 41.1821 -46.9428 -49.5639 
4.09543 163.05 1.25001 42.1346 -48.0855 -49.375 
3.93882 163.215 0.996819 42.7667 -49.0877 -49.2256 
3.80398 163.387 0.726362 42.7168 -50.1962 -49.492 
3.69931 163.562 0.443646 42.3782 -51.4942 -49.8823 
3.60122 163.742 0.151798 42.1992 -52.8424 -50.1133 
3.48522 163.925 -0.136553 42.4775 -54.2378 -50.0784 
3.35205 164.112 -0.408787 43.1076 -55.9274 -49.8556 
3.2244 164.308 -0.657355 43.7756 -57.8972 -49.5154 
3.12283 164.513 -0.875753 44.1719 -59.9783 -49.3725 
3.05937 164.725 -1.08128 44.1327 -62.0068 -49.551 
3.03312 164.948 -1.28751 43.6291 -64.0341 -50.0017 
3.03908 165.185 -1.48002 42.9027 -66.1965 -50.6342 
3.07653 165.411 -1.64048 41.8663 -68.5228 -51.6218 
3.12462 165.605 -1.77196 39.8877 -71.0126 -53.6673 
3.15921 165.767 -1.87574 37.3237 -73.3673 -56.3645 
3.17047 165.905 -1.94338 34.9625 -75.4462 -58.774 
3.13852 166.032 -1.9643 32.1365 -77.4358 -61.5721 
3.06802 166.171 -1.95688 28.8626 -79.38 -64.9654 
2.99151 166.333 -1.97662 26.6771 -81.0672 -67.3083 
2.9211 166.484 -2.03049 26.2536 -82.5496 -67.8449 
2.86206 166.61 -2.09744 27.5879 -84.0446 -66.7135 
2.82902 166.683 -2.15963 32.1423 -85.5663 -62.4068 
2.8373 166.68 -2.18377 39.5491 -87.0328 -55.2551 
2.89356 166.626 -2.19647 44.0639 -88.2713 -51.2034 
2.95398 166.577 -2.25298 46.6086 -89.1611 -49.3546 
2.96089 166.572 -2.3251 115.553 -89.6214 18.7271 
2.89631 166.627 -2.37276 172.143 -88.995 74.2721 
2.79431 166.73 -2.41015 -170.06 -88.3424 90.8254 
2.67601 166.841 -2.45026 -160.089 -87.927 99.7257 
2.54603 166.934 -2.44963 -152.73 -87.621 106.577 
2.44116 167.008 -2.37925 -144.996 -87.1819 114.157 
2.38316 167.083 -2.28529 -137.375 -86.5712 121.676 
2.35954 167.172 -2.18504 -129.419 -85.715 129.704 
2.3597 167.27 -2.04589 -121.459 -84.5383 137.972 
2.36804 167.369 -1.8573 -114.869 -83.148 144.917 
2.36884 167.451 -1.64952 -110.262 -81.8818 149.885 
2.34111 167.513 -1.43335 -107.655 -80.8475 152.802 
2.28322 167.573 -1.19032 -105.342 -79.762 155.316 
2.20732 167.631 -0.904455 -102.351 -78.4244 158.589 
2.12216 167.686 -0.584701 -99.3888 -76.8036 161.988 
2.0144 167.734 -0.23923 -97.1547 -74.4813 164.726 
1.88953 167.771 0.144994 -95.7673 -71.6554 166.65 
1.75945 167.785 0.568993 -94.565 -69.1515 168.528 
1.58613 167.767 1.05827 -93.3442 -66.8585 170.43 
1.35912 167.702 1.60269 -92.2795 -64.5584 171.961 
1.09253 167.603 2.16708 -91.3837 -62.5458 173.311 
0.778883 167.53 2.75169 -90.7937 -60.5209 174.55 
0.420902 167.509 3.3399 -90.5252 -58.303 175.553 
0.040696 167.515 3.90886 -90.1531 -56.7133 176.512 
-0.33678 167.514 4.44286 -89.4602 -56.0484 177.342 
-0.694653 167.491 4.91449 -88.6371 -55.8322 178.092 
-1.02149 167.451 5.31492 -87.9697 -55.6918 178.809 
-1.32755 167.393 5.6651 -87.4404 -55.4276 179.492 
-1.64264 167.306 5.98972 -86.9107 -55.0694 -179.815 
-1.96626 167.207 6.28841 -86.2776 -54.8977 -179.137 
-2.27596 167.134 6.5372 -85.6786 -54.9513 -178.622 
-2.53775 167.084 6.71351 -85.1862 -55.1626 -178.267 
-2.74159 167.028 6.80281 -84.6669 -55.7472 -177.843 
-2.88639 166.971 6.79859 -83.9257 -57.08 -177.355 
-2.96314 166.937 6.69707 -83.1215 -59.0719 -177.473 
-2.94991 166.935 6.49615 -82.3614 -61.4753 -178.399 
-2.81496 166.967 6.21248 -81.8235 -63.9428 -179.828 
-2.55361 167.038 5.85328 -81.4416 -65.7446 178.876 
-2.18113 167.154 5.39103 -81.1539 -66.984 177.953 
-1.70405 167.305 4.80068 -81.5886 -68.0131 176.667 
-1.13282 167.455 4.11115 -83.0299 -68.6185 174.593 
-0.489636 167.587 3.37794 -84.6744 -69.0073 172.493 
0.20132 167.715 2.64491 -86.2148 -69.3967 170.636 
0.902657 167.835 1.94483 -88.0101 -69.4142 168.75 
1.58686 167.925 1.28391 -89.9174 -68.6919 166.928 
2.26412 167.972 0.653774 -91.7157 -67.6589 165.516 
2.95133 167.978 0.0740699 -93.5436 -66.5383 164.509 
3.6281 167.954 -0.442336 -95.5557 -65.0018 163.515 
4.28289 167.915 -0.906927 -97.9529 -63.376 162.229 
4.89419 167.886 -1.31859 -100.625 -62.1348 160.909 
5.43931 167.862 -1.65419 -102.845 -60.6731 159.941 
5.91444 167.835 -1.89801 -104.296 -58.7802 159.418 
6.33096 167.795 -2.05146 -105.307 -56.9486 159.294 
6.65324 167.726 -2.0965 -106.642 -55.0051 159.14 
6.82293 167.635 -1.99282 -108.267 -52.9929 159.122 
6.816 167.545 -1.70302 -109.335 -51.3213 159.523 
6.68258 167.468 -1.20701 -109.422 -50.5176 160.36 
6.41929 167.376 -0.513872 -108.78 -50.4751 161.466 
5.97439 167.204 0.353666 -107.586 -50.5593 162.747 
5.34649 166.965 1.32821 -105.77 -50.4579 164.44 
4.60894 166.74 2.36516 -103.526 -49.8614 166.397 
3.83299 166.507 3.49361 -100.924 -48.7752 168.365 
3.08456 166.172 4.74215 -98.1506 -47.8528 170.327 
2.41659 165.767 6.06528 -95.6387 -47.5976 172.507 
1.79844 165.378 7.36869 -93.2038 -47.8846 175.22 
1.19215 165.034 8.57488 -90.5833 -48.0767 178.039 
0.596831 164.724 9.67778 -88.2168 -48.0009 -179.714 
0.0320293 164.441 10.6998 -86.0259 -48.1961 -177.818 
-0.489826 164.183 11.6331 -83.501 -48.7471 -175.785 
-0.931776 163.946 12.4575 -80.807 -49.0534 -173.768 
-1.27517 163.71 13.1664 -78.5587 -48.8685 -172.076 
-1.5598 163.465 13.738 -76.996 -48.5903 -170.781 
-1.8013 163.239 14.1666 -76.0109 -48.5001 -170.032 
-2.01371 163.024 14.5079 -75.2375 -48.558 -169.47 
-2.21414 162.796 14.8131 -74.3928 -48.4608 -168.796 
-2.38616 162.576 15.0728 -73.6359 -48.1379 -168.215 
-2.51383 162.396 15.2837 -73.2429 -47.9353 -167.897 
-2.60504 162.248 15.4793 -73.2517 -47.981 -167.724 
-2.70396 162.104 15.7157 -73.4326 -48.0272 -167.534 
-2.89974 161.935 16.0581 -73.6449 -47.9808 -167.026 
-3.29986 161.708 16.5274 -74.4143 -48.098 -166.172 
-3.96803 161.381 17.1334 -76.1875 -48.5243 -165.186 
-4.91405 160.875 17.9373 -78.5033 -49.4001 -164.007 
-6.0486 160.059 18.9645 -79.7684 -50.8082 -161.717 
-7.19472 158.945 20.1008 -77.974 -50.9397 -157.532 
-8.02381 157.882 21.1181 -72.6762 -47.7825 -152.191 
-8.33339 157.179 21.805 -64.5053 -42.686 -146.835 
-8.36514 156.706 22.1183 -53.9842 -38.5716 -141.613 
-8.555 156.392 22.2188 -43.5646 -37.7678 -136.835 
-9.02756 156.476 22.1023 -35.2111 -39.3755 -133.213 
-9.48957 157.1 21.6423 -28.9336 -40.0931 -131.888 
-9.59563 157.948 20.806 -24.2758 -39.4049 -132.219 
-9.29098 158.642 19.6476 -20.12 -39.3199 -132.263 
-8.78868 159.275 18.2179 -15.5597 -40.4702 -130.845 
-8.27119 160.103 16.4684 -12.2089 -41.5685 -129.277 
-7.82747 161.011 14.4267 -10.7009 -42.1837 -129.001 
-7.38098 161.796 12.2973 -9.00259 -43.0727 -129.132 
-6.81784 162.537 10.1567 -6.20446 -44.8883 -128.748 
-6.1562 163.355 7.86165 -3.56934 -47.4675 -128.301 
-5.364 164.113 5.42026 -2.79322 -50.4516 -128.942 
-4.41433 164.588 3.08089 -4.06887 -53.4557 -130.799 
-3.39678 164.85 0.936212 -7.14587 -56.2499 -133.772 
-2.43127 165.149 -1.19579 -11.9154 -58.7273 -138.139 
-1.51213 165.459 -3.37403 -16.8081 -61.5846 -142.48 
-0.568184 165.52 -5.36553 -21.2437 -65.6809 -146.103 
0.419099 165.306 -7.05495 -27.8183 -70.2675 -152.091 
1.41509 165.101 -8.66739 -39.7896 -73.9128 -163.857 
2.33608 165.028 -10.3551 -55.0804 -75.5715 -178.818 
3.20167 164.865 -11.975 -65.509 -75.7668 171.157 
4.06332 164.445 -13.286 -71.5892 -75.7272 165.54 
4.98281 163.977 -14.425 -78.8844 -75.7348 158.427 
5.99938 163.68 -15.6792 -88.6768 -75.7684 148.553 
7.04948 163.393 -16.9605 -97.0974 -75.5478 140.299 
8.03809 162.932 -17.9264 -102.66 -74.8258 134.997 
9.04445 162.411 -18.6387 -107.338 -73.9397 130.681 
10.1423 161.952 -19.4174 -111.416 -73.2718 127.198 
11.1896 161.451 -20.143 -115.298 -72.8244 123.983 
12.094 160.853 -20.4273 -120.02 -72.6326 120.261 
13.0134 160.279 -20.3708 -126.415 -73.0634 115.78 
14.0205 159.821 -20.4284 -134.433 -73.8174 110.251 
14.9742 159.359 -20.6841 -142.675 -74.0342 103.621 
15.8326 158.75 -20.8461 -153.188 -73.2743 93.8513 
16.657 157.99 -20.7511 -164.893 -71.7143 83.4742 
17.5501 157.136 -20.5963 -174.632 -70.5039 75.1137 
18.5338 156.172 -20.3778 176.668 -69.7993 67.3129 
19.6388 155.086 -19.8063 168.601 -68.7742 60.2446 
21.0233 154 -18.9115 161.12 -67.4933 54.1295 
22.7767 153.068 -18.0182 152.827 -66.3035 47.4414 
24.7807 152.263 -17.1235 144.492 -65.1766 40.4828 
26.9495 151.449 -15.9327 137.028 -63.9973 33.4347 
29.3179 150.566 -14.4066 128.443 -62.7476 24.5761 
31.8644 149.632 -12.8274 118.059 -61.5231 13.5556 
34.4756 148.668 -11.3439 106.831 -60.8624 1.7159 
37.1874 147.628 -10.048 94.3946 -60.697 -10.8868 
40.0538 146.455 -9.03136 82.1412 -59.6129 -23.0627 
42.9611 145.186 -8.34286 72.0825 -57.0353 -32.723 
45.7458 143.917 -8.01135 63.9952 -54.3827 -40.0223 
48.3672 142.669 -8.01982 57.1122 -52.3705 -45.7454 
50.7998 141.439 -8.36875 51.4431 -50.5341 -49.5812 
53.0338 140.241 -8.99936 47.1367 -49.5401 -51.3511 
55.0949 139.085 -9.78233 43.3625 -49.895 -52.2158 
56.9615 138.003 -10.6503 39.063 -51.0735 -53.1826 
58.5699 137.029 -11.5652 34.7027 -52.8436 -54.1598 
59.8841 136.185 -12.4621 31.7952 -54.7037 -54.1565 
60.9124 135.505 -13.25 30.2654 -56.3916 -53.2408 
61.6265 135.008 -13.9326 28.6364 -58.3471 -52.6561 
62.0081 134.682 -14.5771 26.4142 -60.448 -53.0628 
62.1414 134.536 -15.2335 25.1756 -62.2759 -53.169 
62.1348 134.547 -15.8896 25.4853 -63.8943 -52.1602 
62.03 134.651 -16.5065 25.2646 -65.776 -51.7409 
61.862 134.786 -17.1094 24.0835 -68.1618 -52.006 
61.6318 134.931 -17.7136 23.5362 -70.8272 -51.471 
61.2978 135.113 -18.2639 23.9065 -73.6009 -50.3282 
60.8456 135.37 -18.7293 24.7185 -76.1196 -48.9593 
60.2476 135.724 -19.11 25.2804 -78.3022 -47.8304 
59.4277 136.18 -19.4161 25.4915 -80.4306 -47.4001 
58.3397 136.737 -19.6551 26.5976 -82.7504 -46.7976 
57.0131 137.377 -19.8165 33.8513 -85.0349 -40.5488 
55.5263 138.062 -19.8485 54.2377 -86.5364 -21.1379 
53.9883 138.762 -19.761 74.2202 -87.26 -1.95824 
52.49 139.445 -19.6313 96.3802 -88.1275 19.3831 
51.1051 140.052 -19.4734 157.547 -87.6231 79.5546 
49.915 140.544 -19.2583 177.737 -84.9378 98.7426 
48.9867 140.932 -19.0101 -172.285 -82.312 107.361 
48.4299 141.279 -18.7773 -161.124 -79.5898 116.525 
48.4004 141.645 -18.5236 -157.724 -76.3169 118.228 
48.9051 141.97 -18.1301 -164.16 -73.6019 111.298 
49.7379 142.152 -17.5225 -171.21 -72.6778 104.317 
50.6979 142.132 -16.6898 -172.987 -74.2682 102.962 
51.7032 141.882 -15.7229 -167.795 -77.6053 109.795 
52.6476 141.409 -14.8519 -152.939 -80.2145 127.091 
53.3551 140.778 -14.3588 -141.011 -80.7182 141.199 
53.7102 140.115 -14.3967 -139.94 -80.0443 143.749 
53.7875 139.607 -14.8167 -142.946 -78.1416 141.586 
53.698 139.449 -15.3945 -146.837 -75.6643 138.255 
53.4613 139.688 -15.9744 -152.147 -73.3585 133.451 
53.1018 140.202 -16.458 -159.025 -71.42 127.17 
52.7281 140.782 -16.8705 -165.226 -70.1227 121.483 
52.425 141.211 -17.2622 -169.328 -69.4182 117.475 
52.1447 141.333 -17.6051 -172.23 -68.9242 114.383 
51.7554 141.164 -17.8046 -175.011 -68.7629 111.574 
51.2355 140.932 -17.7272 -176.422 -68.708 110.159 
50.7116 140.943 -17.3431 -175.463 -68.5824 110.784 
50.2675 141.336 -16.79 -174.371 -69.0829 111.318 
49.9017 141.958 -16.2726 -175.752 -70.6487 109.371 
49.5991 142.511 -16.0089 -179.665 -72.5799 104.872 
49.3331 142.767 -16.0946 175.668 -74.0472 99.5446 
49.047 142.716 -16.4013 172.289 -74.4133 95.7399 
48.7382 142.545 -16.7074 171.3 -73.2492 95.0415 
48.4578 142.463 -16.9106 172.523 -71.2924 97.0892 
48.2594 142.514 -17.0481 174.057 -69.9057 99.2299 
48.1647 142.597 -17.1675 173.728 -69.5586 99.0585 
48.1156 142.643 -17.2441 172.097 -69.7804 97.3116 
48.0632 142.659 -17.23 171.29 -70.0963 96.3518 
48.0064 142.677 -17.1388 171.716 -70.2518 96.6597 
47.9523 142.732 -17.0276 172.152 -70.1212 97.0805 
47.9082 142.832 -16.8808 171.663 -69.7081 96.5846 
47.8777 142.961 -16.5989 169.657 -68.9767 94.5894 
47.8891 143.092 -16.0391 165.99 -67.8911 91.2856 
47.988 143.113 -15.1305 162.737 -66.8454 88.9792 
48.2279 142.833 -14.0368 162.237 -66.7717 89.6411 
48.6684 142.206 -13.0794 163.226 -67.6608 91.519 
49.304 141.405 -12.3361 162.683 -68.8433 92.0891 
50.0017 140.641 -11.6485 161.01 -70.2882 91.8311 
50.6249 140.009 -11.0131 159.62 -72.3376 91.8254 
51.0919 139.518 -10.5336 156.977 -74.6627 90.4899 
51.3662 139.161 -10.2664 152.834 -76.7687 87.2651 
51.479 138.919 -10.2233 149.897 -78.4841 84.5955 
51.4861 138.792 -10.3868 146.92 -79.789 81.4346 
51.4076 138.811 -10.7198 140.488 -80.7896 74.634 
51.2556 138.977 -11.1564 133.201 -81.2829 66.8168 
51.0526 139.26 -11.6538 130.587 -81.0988 63.606 
50.7626 139.614 -12.2409 131.026 -80.513 63.4915 
50.3514 139.995 -12.9219 131.435 -79.6719 63.2168 
49.9 140.367 -13.6861 131.765 -78.4112 62.7304 
49.4807 140.711 -14.4918 133.213 -76.5703 63.713 
49.1112 141 -15.2598 136.494 -74.3271 67.0939 
48.863 141.206 -15.9429 139.686 -72.2365 70.4625 
48.7508 141.345 -16.5261 140.492 -70.8796 71.3543 
48.6727 141.462 -16.9838 140.566 -70.189 71.3701 
48.5759 141.568 -17.3156 141.22 -69.6779 71.7346 
48.4957 141.64 -17.6167 140.474 -69.2427 70.6961 
48.4469 141.694 -17.9539 139.309 -68.8291 69.3649 
48.4195 141.752 -18.3296 140.195 -68.2359 69.9973 
48.3791 141.808 -18.7152 141.146 -67.4036 70.853 
48.3035 141.841 -19.0608 140.856 -66.6287 70.6874 
48.255 141.861 -19.3304 140.428 -66.1056 70.3597 
48.281 141.88 -19.5679 139.78 -65.913 69.7476 
48.3349 141.882 -19.7916 139.254 -65.9514 69.2906 
48.3796 141.858 -19.9932 139.492 -65.8494 69.6133 
48.4028 141.823 -20.2201 139.98 -65.4652 70.2293 
48.383 141.793 -20.4884 140.335 -64.9586 70.8212 
48.3378 141.757 -20.7703 140.713 -64.5479 71.2706 
48.3246 141.688 -21.0677 140.792 -64.1042 71.1591 
48.3492 141.586 -21.3607 140.25 -63.3069 70.6238 
48.3537 141.512 -21.5255 140.082 -61.9952 70.8625 
48.2767 141.571 -21.4516 140.55 -60.6028 71.9432 
48.1736 141.809 -21.1242 139.951 -59.8177 72.0178 
48.1444 142.115 -20.7262 137.76 -59.6859 70.4356 
48.2619 142.273 -20.436 135.529 -59.8533 68.5232 
48.495 142.111 -20.4304 133.799 -60.0415 66.7305 
48.6846 141.668 -20.6799 132.133 -60.1981 64.9537 
48.7588 141.249 -20.9712 131.375 -60.1645 64.2558 
48.7901 141.15 -21.0112 131.222 -60.2192 64.1724 
48.7869 141.343 -20.9522 129.513 -61.0361 62.5712 
48.8172 141.609 -20.9431 126.199 -62.293 59.4222 
48.9596 141.737 -21.0745 123.801 -63.1155 57.0363 
49.1852 141.649 -21.3479 123.353 -63.3365 56.4417 
49.4154 141.447 -21.6947 123.623 -63.1793 56.638 
49.534 141.336 -22.0191 124.261 -62.6783 57.2878 
49.4774 141.418 -22.2412 124.995 -61.6978 58.011 
49.2825 141.618 -22.3029 124.856 -60.4412 58.1722 
49.0735 141.784 -22.2677 124.569 -59.435 58.3809 
49.0206 141.77 -22.2976 124.719 -58.753 58.6609 
49.1217 141.543 -22.4388 124.024 -58.1944 57.8101 
49.2276 141.276 -22.5644 122.75 -57.7141 56.5737 
49.2368 141.21 -22.5613 122.743 -57.4491 56.9867 
49.1695 141.393 -22.4517 123.901 -57.5104 58.5875 
49.1179 141.674 -22.3355 124.064 -57.607 59.1923 
49.0708 141.849 -22.3086 122.781 -57.3485 58.3567 
48.9342 141.827 -22.3882 121.831 -57.0097 57.4151 
48.6753 141.715 -22.5244 121.73 -56.8355 56.9189 
48.2989 141.769 -22.6355 121.844 -56.5282 56.6849 
47.7752 142.103 -22.6877 122.455 -56.2093 56.8269 
47.1576 142.56 -22.7428 123.137 -55.9698 56.6182 
46.5892 142.882 -22.8956 122.84 -55.5739 55.326 
46.122 142.939 -23.1428 122.154 -54.9735 53.8951 
45.7308 142.849 -23.3725 122.064 -54.4538 53.5846 
45.3502 142.857 -23.5235 122.902 -54.3321 54.7296 
44.9051 143.045 -23.6671 123.999 -54.3068 56.117 
44.4204 143.274 -23.8837 124.127 -53.8338 56.1241 
43.97 143.347 -24.1976 123.519 -52.9018 55.1071 
43.5952 143.213 -24.5532 123.501 -51.9985 54.7821 
43.2671 143.061 -24.8304 124.814 -51.561 56.183 
42.9246 143.103 -25.0059 126.99 -51.5467 58.6155 
42.5566 143.327 -25.1515 128.211 -51.4821 59.9208 
42.2124 143.551 -25.3128 127.924 -51.1794 59.3843 
41.8943 143.642 -25.4598 127.231 -50.8083 58.1518 
41.5637 143.652 -25.5428 126.812 -50.5624 57.2543 
41.1952 143.752 -25.5725 127.007 -50.5804 57.1636 
40.7978 143.994 -25.6137 127.155 -50.4882 57.1409 
40.3989 144.277 -25.6822 126.45 -49.9061 56.3352 
40.0841 144.46 -25.7661 125.685 -49.2831 55.2173 
39.8724 144.561 -25.8117 125.675 -49.1712 54.6307 
39.7217 144.684 -25.7902 126.032 -49.5149 54.6941 
39.6026 144.837 -25.7356 126.042 -49.8521 54.735 
39.5197 144.958 -25.6966 125.66 -49.9139 54.5022 
39.4723 145.026 -25.6959 125.275 -49.8795 54.3292 
39.4334 145.052 -25.7456 124.928 -49.8519 54.3609 
39.4115 145.05 -25.8397 124.666 -49.6819 54.4594 
39.4084 145.06 -25.9362 124.573 -49.3786 54.5427 
39.4173 145.096 -26.0004 124.665 -49.2309 54.6347 
39.4367 145.137 -26.0136 124.613 -49.2599 54.5338 
39.4667 145.15 -26.0082 124.114 -49.0921 54.0799 
39.5476 145.123 -26.0131 123.52 -48.7508 53.6209 
39.6795 145.073 -26.0179 123.328 -48.6951 53.5864 
39.7996 145.014 -26.03 123.344 -48.8763 53.7273 
39.9045 144.955 -26.0066 123.198 -48.7902 53.8455 
40.011 144.884 -25.9819 123.063 -48.5302 53.937 
40.1479 144.768 -26.0225 123.03 -48.4081 53.9536 
40.3229 144.627 -26.1363 123.155 -48.4002 54.3029 
40.4701 144.547 -26.2079 123.56 -48.4227 55.2883 
40.5133 144.56 -26.2349 123.883 -48.403 56.1901 
40.5208 144.591 -26.2685 123.822 -48.2494 56.3588 
40.6134 144.56 -26.3542 123.896 -48.0948 56.024 
40.7862 144.493 -26.4801 124.127 -48.2924 55.521 
40.8629 144.508 -26.5901 124.251 -48.6484 55.4424 
40.7352 144.653 -26.6782 124.676 -48.7281 55.8768 
40.507 144.846 -26.7905 125.173 -48.3819 55.9197 
40.3123 144.959 -26.9555 125.084 -47.7936 55.0761 
40.1843 144.955 -27.1405 125.275 -47.4254 54.5882 
40.0497 144.948 -27.2749 126.408 -47.385 55.3442 
39.832 145.065 -27.3375 127.453 -47.3046 56.3234 
39.5944 145.277 -27.3848 127.55 -47.0051 56.2088 
39.4376 145.425 -27.4959 127.08 -46.6257 55.1789 
39.4151 145.428 -27.6359 126.974 -46.3806 54.5108 
39.4341 145.376 -27.7255 127.493 -46.4221 54.8321 
39.3404 145.427 -27.7074 128.146 -46.5251 55.7083 
39.1382 145.619 -27.604 128.444 -46.6024 56.2181 
39.0225 145.789 -27.5479 127.993 -46.5926 55.6832 
39.1198 145.762 -27.6236 127.171 -46.3483 54.65 
39.3562 145.588 -27.73 126.766 -46.0368 54.3739 
39.5251 145.495 -27.7385 126.902 -45.9968 55.278 
39.568 145.584 -27.6541 127.237 -46.2753 56.4361 
39.6353 145.718 -27.5835 127.08 -46.5761 56.5243 
39.8122 145.704 -27.5517 126.051 -46.6423 55.3603 
39.9708 145.525 -27.4953 124.964 -46.4976 54.1102 
39.9501 145.41 -27.2936 124.804 -46.4348 53.9756 
39.7728 145.491 -27.026 125.347 -46.7871 54.0085 
39.6227 145.61 -26.9196 125.097 -47.0145 52.7594 
39.625 145.55 -26.9739 123.999 -46.4243 50.9162 
39.7685 145.314 -26.9776 123.496 -45.5469 50.2046 
39.9944 145.102 -26.8342 123.724 -45.3861 50.5543 
40.2429 144.998 -26.6707 123.483 -45.802 50.5755 
40.5345 144.879 -26.5417 122.283 -45.9617 49.7526 
40.8916 144.615 -26.4237 120.76 -45.8507 48.6796 
41.2416 144.286 -26.3137 119.775 -45.9109 48.5785 
41.4211 144.112 -26.1374 120.092 -46.3469 50.1175 
41.3851 144.147 -25.88 120.831 -46.9645 51.471 
41.3176 144.183 -25.7334 120.091 -47.258 50.5291 
41.4121 144.041 -25.79 118.458 -46.8287 48.5819 
41.6599 143.81 -25.8711 118.011 -46.2112 48.3183 
41.8422 143.682 -25.8295 118.803 -46.0931 49.6833 
41.8551 143.687 -25.7264 118.869 -46.2596 50.1405 
41.8244 143.71 -25.642 117.655 -46.1821 48.7969 
41.8176 143.671 -25.5666 116.545 -46.0536 47.2432 
41.7598 143.657 -25.4179 116.311 -46.1456 46.8706 
41.6055 143.772 -25.1762 116.388 -46.3014 47.2303 
41.4836 143.936 -24.9796 115.98 -46.2211 46.8255 
41.5432 143.928 -24.948 114.775 -45.4367 44.7074 
41.8133 143.699 -24.9895 113.672 -44.2044 42.2723 
42.1211 143.458 -24.8987 113.369 -43.7474 42.0291 
42.2684 143.366 -24.6252 113.1 -44.1713 43.0162 
42.3469 143.307 -24.3685 111.81 -44.5745 42.526 
42.5556 143.095 -24.2902 110.289 -44.2389 40.794 
42.9091 142.788 -24.2729 109.738 -43.4074 40.0872 
43.1395 142.593 -24.1298 110.193 -43.0038 40.9115 
43.2061 142.547 -23.8846 110.235 -42.966 41.1417 
43.406 142.469 -23.6756 108.852 -42.3561 39.5202 
43.8743 142.183 -23.5215 107.046 -41.5412 37.5488 
44.411 141.754 -23.2325 106.072 -41.6774 37.4853 
44.7597 141.398 -22.6773 105.424 -42.6268 38.5904 
45.005 141.155 -22.0525 103.698 -43.3874 38.1307 
45.4055 140.845 -21.6212 101.257 -43.2972 36.058 
46.0318 140.342 -21.31 99.3426 -42.4778 34.4792 
46.7025 139.777 -20.8569 98.2053 -42.3033 34.3846 
47.2664 139.34 -20.2293 96.7831 -43.3971 34.3439 
47.8269 139.035 -19.6035 94.101 -44.389 32.9909 
48.4987 138.673 -19.1391 90.7951 -44.4671 30.6302 
49.276 138.105 -18.8702 87.7899 -44.2502 28.4076 
50.015 137.46 -18.6536 85.544 -44.5511 27.753 
50.5354 137.044 -18.2377 84.7137 -45.7278 29.2979 
50.9576 136.96 -17.5699 84.6563 -47.1618 30.9302 
51.4981 136.92 -16.9867 83.1643 -47.5341 29.5766 
52.1057 136.546 -16.7775 80.1761 -46.0816 25.7228 
52.6072 135.819 -16.6384 77.6821 -43.9515 22.8416 
53.0052 135.136 -16.1366 76.6727 -43.774 23.1146 
53.3796 134.786 -15.3353 76.3447 -45.9746 24.3325 
53.8489 134.654 -14.5837 74.4895 -47.3222 22.5227 
54.4238 134.386 -14.206 70.9323 -45.6286 17.5781 
54.9752 133.801 -14.0642 68.1629 -42.4704 13.7351 
55.4661 133.118 -13.6993 66.9397 -41.0623 13.8995 
55.9305 132.597 -12.9681 65.8027 -42.2661 15.3527 
56.5064 132.196 -12.1196 62.4524 -43.4581 13.7957 
57.2362 131.664 -11.5069 57.3538 -41.865 9.55813 
58.0289 130.844 -11.1353 52.9785 -38.4784 5.7177 
58.7991 129.881 -10.6826 49.4773 -36.4606 3.92199 
59.4863 129.045 -9.98389 45.8681 -36.8742 3.32496 
60.167 128.414 -9.22104 41.947 -37.8026 1.91272 
60.9621 127.802 -8.79247 38.4092 -36.6622 -0.824322 
61.7687 126.991 -8.81546 35.722 -33.5651 -3.0914 
62.4251 126 -8.81943 33.4966 -31.1705 -2.6961 
62.946 125.071 -8.39131 30.7945 -31.132 -1.00119 
63.4845 124.341 -7.63268 27.2022 -32.2538 -1.85418 
64.0866 123.732 -6.958 23.459 -31.7213 -5.53776 
64.6247 123.088 -6.69308 20.6784 -28.2885 -8.96244 
64.9858 122.328 -6.71504 18.9745 -23.7615 -9.64303 
65.2257 121.524 -6.655 17.3167 -20.8674 -8.18667 
65.4873 120.836 -6.40805 15.1859 -20.6993 -7.22713 
65.8003 120.352 -6.13483 13.2359 -21.4849 -8.2934 
66.1167 119.998 -6.04675 12.1803 -19.9964 -10.4795 
66.3754 119.619 -6.19903 12.0052 -15.576 -12.2347 
66.5797 119.149 -6.37976 12.1472 -10.675 -11.9492 
66.7684 118.694 -6.31853 11.4789 -7.52898 -10.4138 
66.9469 118.343 -6.03277 9.45485 -6.4385 -10.8415 
67.1205 118.068 -5.82485 7.08361 -5.83526 -13.5506 
67.1898 117.855 -5.83901 5.56273 -3.8819 -15.7629 
67.0868 117.739 -5.96177 5.13578 -0.847406 -16.0303 
66.9212 117.798 -6.00823 4.99018 1.3767 -14.9032 
66.7944 118.046 -5.88949 4.29295 1.84531 -14.4678 
66.6816 118.422 -5.79781 3.53878 1.75927 -15.8296 
66.4673 118.884 -5.93507 3.59764 3.01905 -17.5624 
66.061 119.396 -6.21545 4.31618 5.3942 -18.0888 
65.5605 119.968 -6.44249 4.58485 6.73119 -17.5307 
65.1591 120.623 -6.61897 4.24487 6.28768 -17.0966 
64.877 121.363 -6.87153 3.86662 5.75545 -17.2088 
64.5707 122.136 -7.26192 3.60364 6.56737 -17.5295 
64.1523 122.865 -7.71249 3.60003 8.13427 -17.67 
63.6833 123.621 -8.08245 3.90861 9.19865 -17.1138 
63.2638 124.529 -8.38591 4.60477 9.17073 -16.3537 
62.8821 125.551 -8.72959 5.68159 8.43058 -16.3178 
62.4332 126.533 -9.14476 7.17343 7.8811 -16.5305 
61.8944 127.389 -9.5662 9.3393 7.7451 -16.2707 
61.3767 128.185 -9.95791 12.2109 7.19398 -15.6074 
60.9303 129.015 -10.304 15.4119 6.17874 -14.545 
60.5027 129.881 -10.564 18.5801 5.54313 -13.5142 
60.0656 130.694 -10.7415 21.657 5.39243 -13.0346 
59.6316 131.399 -10.8684 24.5088 5.29404 -12.9252 
59.2388 131.999 -10.9917 26.8724 4.85818 -12.8842 
58.8961 132.524 -11.1265 28.4968 4.13406 -12.7505 
58.5974 132.988 -11.2392 29.6576 3.43218 -12.5567 
58.346 133.381 -11.3127 30.8765 2.65419 -12.4669 
58.1163 133.72 -11.345 32.2284 1.76793 -12.432 
57.9028 134.013 -11.3599 33.5428 1.01427 -12.3315 
57.7252 134.248 -11.3909 34.8174 0.447827 -12.1403 
57.5935 134.409 -11.4285 36.1069 -0.123712 -11.9404 
57.5088 134.486 -11.4426 37.3352 -0.819023 -11.7811 
57.5058 134.45 -11.4558 38.5667 -1.51335 -11.641 
57.6687 134.227 -11.487 40.334 -2.0806 -11.3778 
58.0664 133.721 -11.4794 42.6053 -2.20704 -10.5893 
58.6751 132.844 -11.2339 44.1793 -2.0871 -9.79618 
59.4135 131.59 -10.6396 44.2584 -1.90828 -11.0402 
60.2632 130.071 -9.96026 43.7764 -0.525135 -14.0996 
61.2169 128.416 -9.52691 43.302 2.10487 -16.2281 
62.1059 126.813 -9.39005 41.0983 4.12325 -16.7665 
62.7137 125.49 -9.33727 36.6224 4.81301 -16.7947 
63.0631 124.533 -9.24231 31.854 5.21476 -17.1518 
63.3867 123.847 -9.20406 28.5066 5.89718 -17.5591 
63.8066 123.319 -9.37114 26.6332 6.84609 -17.4173 
64.1731 122.914 -9.65087 25.3056 7.4496 -16.772 
64.3285 122.646 -9.81055 24.0481 6.88849 -16.5246 
64.3706 122.529 -9.82204 23.178 6.02903 -17.0378 
64.4316 122.614 -9.83823 22.5686 6.8926 -17.573 
64.4342 122.919 -9.91665 21.4267 9.23209 -17.917 
64.2312 123.342 -10.0131 19.4822 10.8101 -18.3202 
63.822 123.823 -10.0953 17.4119 10.7673 -18.3629 
63.3558 124.457 -10.1944 16.083 9.93059 -17.888 
62.9461 125.29 -10.3998 16.1568 8.91809 -17.6175 
62.528 126.198 -10.6876 17.5231 8.42955 -17.519 
61.991 127.079 -10.8605 19.4685 8.78456 -17.2038 
61.4418 127.916 -10.8849 21.3286 8.78772 -16.9724 
61.0606 128.721 -10.9517 22.9094 7.44489 -17.0163 
60.8294 129.458 -11.1606 24.4655 5.56085 -17.1378 
60.5906 130.048 -11.4442 25.9857 4.41824 -16.83 
60.2964 130.447 -11.6886 27.3392 4.35754 -16.0969 
60.0305 130.735 -11.8428 28.584 4.80208 -15.6643 
59.8348 131.009 -11.906 29.587 4.76815 -15.7533 
59.6882 131.288 -11.8807 30.2466 4.07299 -16.1647 
59.5605 131.517 -11.8739 30.7997 3.45864 -16.5252 
59.4676 131.675 -11.9695 31.4851 3.273 -16.52 
59.4367 131.767 -12.1498 32.2718 2.93159 -16.3472 
59.4419 131.8 -12.3551 32.8337 2.25779 -16.0604 
59.4561 131.779 -12.5286 33.1112 1.53897 -15.6139 
59.4922 131.705 -12.6638 33.4969 0.661313 -15.2318 
59.5261 131.609 -12.7477 34.2061 -0.241362 -14.9972 
59.5261 131.525 -12.7563 34.9919 -0.854911 -15.0677 
59.5096 131.446 -12.7196 35.7892 -0.973231 -15.2055 
59.5269 131.345 -12.6728 36.9842 -0.930039 -15.0151 
59.6567 131.159 -12.6497 38.6719 -1.22266 -14.7258 
59.958 130.798 -12.6854 40.4522 -1.51665 -14.4453 
60.4287 130.164 -12.7335 41.7673 -1.46442 -13.9574 
60.9792 129.225 -12.66 41.9635 -0.87007 -13.2828 
61.5261 128.044 -12.3486 40.8328 0.265928 -13.0576 
62.0629 126.755 -11.8024 38.6301 1.26422 -13.8888 
62.6244 125.504 -11.1811 35.7683 1.85623 -15.6145 
63.1744 124.419 -10.7661 32.4771 2.83996 -17.6615 
63.6222 123.584 -10.7299 29.4254 4.4637 -18.9728 
63.9216 123.039 -10.9371 27.266 5.5768 -18.8295 
64.1284 122.686 -11.1461 25.4585 5.09989 -17.7103 
64.3098 122.516 -11.1069 23.3554 3.7984 -16.8598 
64.5321 122.384 -10.8784 21.1922 3.52364 -17.1305 
64.7768 122.275 -10.602 19.4717 5.03254 -18.4403 
64.9744 122.167 -10.4633 18.2684 7.12404 -20.0647 
65.0638 122.062 -10.5395 16.8577 8.48896 -20.884 
65.0593 121.961 -10.6933 14.8024 8.70429 -20.3252 
65.0515 121.832 -10.7383 12.8758 7.83056 -19.3068 
65.111 121.678 -10.6108 11.8189 6.93728 -18.9976 
65.218 121.536 -10.3997 11.137 7.40742 -19.5156 
65.2658 121.454 -10.2349 9.91297 9.0348 -20.4373 
65.1888 121.46 -10.1765 8.00655 10.41 -21.168 
65.0605 121.527 -10.198 5.7758 10.7418 -21.2798 
64.9899 121.63 -10.2708 3.76885 10.3207 -21.0053 
64.9835 121.846 -10.3666 2.8153 9.99535 -20.7889 
64.9426 122.206 -10.4919 3.28267 10.462 -20.5401 
64.7695 122.673 -10.6278 4.59188 11.1341 -20.2237 
64.516 123.174 -10.7344 5.82696 10.9198 -20.0917 
64.3057 123.662 -10.8015 6.67492 9.81664 -20.1627 
64.1609 124.121 -10.8554 7.35327 8.86459 -20.3577 
63.9992 124.53 -10.9153 8.18647 8.92521 -20.5026 
63.7781 124.867 -10.983 9.29099 9.57762 -20.499 
63.5694 125.126 -11.0536 10.4255 9.57299 -20.4507 
63.4349 125.314 -11.1209 11.2198 8.77126 -20.3385 
63.35 125.455 -11.1545 11.6406 8.27596 -20.1015 
63.2788 125.545 -11.1514 11.9786 8.36399 -19.9591 
63.2221 125.561 -11.1495 12.3362 8.40197 -20.0837 
63.1926 125.511 -11.1759 12.7626 8.09526 -20.3071 
63.2057 125.414 -11.2313 13.5062 7.36442 -20.447 
63.2898 125.259 -11.3157 15.1306 6.18567 -20.5291 
63.4441 125 -11.3989 18.2877 4.89259 -20.5841 
63.627 124.577 -11.4118 22.6372 4.1672 -20.4028 
63.8232 123.957 -11.2872 26.2332 4.09567 -20.0183 
64.0732 123.144 -10.9958 27.288 4.10066 -20.0259 
64.3921 122.219 -10.6175 25.9063 4.34008 -20.7204 
64.7524 121.351 -10.3398 23.1017 5.32834 -21.678 
65.1057 120.677 -10.3525 19.4636 6.59146 -22.5807 
65.3717 120.246 -10.7124 15.5376 7.3 -23.0122 
65.4827 120.131 -11.2301 12.2625 7.35276 -22.4769 
65.4777 120.256 -11.6568 10.6846 7.21002 -20.9733 
65.4149 120.628 -11.6848 10.9463 7.21922 -19.4746 
65.4026 120.827 -11.5661 11.7536 7.23112 -19.5904 
65.418 120.972 -11.3936 11.9452 7.19164 -21.3684 
65.4264 121.023 -11.3896 11.0758 7.8039 -22.9501 
65.4204 120.978 -11.5874 8.95981 9.0739 -23.2264 
65.434 120.865 -11.8554 5.79147 10.0098 -22.6142 
65.5236 120.721 -12.0132 2.78167 9.81916 -21.831 
65.7164 120.54 -12.0192 1.10843 9.03175 -21.5562 
65.9782 120.315 -11.9546 0.659804 8.90741 -21.9411 
66.209 120.08 -11.9163 0.71956 9.66696 -22.6739 
66.3153 119.871 -11.9879 0.719242 10.3789 -23.482 
66.2966 119.743 -12.1744 0.440365 10.5432 -23.7912 
66.2204 119.75 -12.3575 0.0297755 10.2567 -23.2427 
66.1511 119.847 -12.4171 -0.140973 9.46862 -22.7158 
66.1225 119.956 -12.3567 0.254154 8.68521 -23.0003 
66.1374 120.049 -12.3012 1.12233 8.69021 -23.7492 
66.1738 120.102 -12.3775 2.05937 9.1592 -24.3615 
66.217 120.115 -12.6122 2.78957 9.15804 -24.289 
66.2797 120.112 -12.9089 3.37279 8.36902 -23.3729 
66.3606 120.108 -13.1052 4.01738 7.35378 -22.4133 
66.4384 120.08 -13.1157 4.84633 6.77527 -22.351 
66.5198 119.989 -13.0243 5.75454 6.93797 -22.9984 
66.5924 119.812 -12.9869 6.3434 7.48539 -23.6516 
66.6284 119.575 -13.0687 6.34598 7.79506 -23.8118 
66.6608 119.343 -13.1969 6.13232 7.69491 -23.347 
66.7359 119.156 -13.2232 6.19749 7.4651 -22.6188 
66.8416 119.014 -13.0657 6.49245 7.47576 -22.3948 
66.9425 118.9 -12.8305 6.70504 7.87942 -23.001 
66.9854 118.849 -12.6916 6.66606 8.57652 -23.8716 
66.9184 118.918 -12.7191 6.14497 9.47682 -24.2801 
66.7691 119.098 -12.8357 5.29362 10.016 -24.1441 
66.6221 119.338 -12.9289 4.66634 9.61761 -23.8428 
66.4951 119.611 -12.9526 4.37855 8.77866 -23.7374 
66.3687 119.905 -12.937 4.07168 8.488 -24.0281 
66.2477 120.182 -12.9576 3.69088 9.11103 -24.3856 
66.1393 120.402 -13.0512 3.37034 9.99199 -24.344 
66.0622 120.557 -13.1637 2.89309 10.1345 -23.8792 
66.0476 120.639 -13.2191 2.27146 9.38289 -23.5863 
66.0895 120.649 -13.1908 1.91697 8.66205 -23.9017 
66.1381 120.629 -13.1469 2.05188 8.80191 -24.4152 
66.1464 120.587 -13.1706 2.47138 9.37615 -24.8332 
66.1129 120.517 -13.2823 2.82948 9.54213 -24.9246 
66.0862 120.458 -13.4237 3.1284 9.09516 -24.4569 
66.1079 120.424 -13.5019 3.69117 8.32413 -23.8856 
66.1633 120.388 -13.484 4.57194 7.70304 -23.8746 
66.2183 120.33 -13.4478 5.46515 7.6032 -24.4382 
66.2577 120.243 -13.4874 6.08602 7.93847 -24.944 
66.2935 120.117 -13.6057 6.18846 8.25224 -24.8737 
66.3514 119.977 -13.7299 5.69392 8.09058 -24.4633 
66.4395 119.861 -13.7934 4.97293 7.43066 -24.2093 
66.5262 119.783 -13.7962 4.51358 6.93501 -24.2021 
66.5699 119.735 -13.793 4.37936 7.11575 -24.2908 
66.5522 119.705 -13.8399 4.25249 7.60614 -24.3202 
66.4956 119.693 -13.9298 4.01891 7.78633 -24.185 
66.449 119.722 -13.9921 3.78063 7.54045 -23.8986 
66.4351 119.804 -13.9894 3.70542 7.19122 -23.7318 
66.4457 119.899 -13.9453 3.91407 7.11168 -23.9239 
66.4579 119.964 -13.9131 4.32542 7.42412 -24.3022 
66.4576 119.986 -13.9092 4.5617 7.7872 -24.4972 
66.4491 120.005 -13.9289 4.40954 7.69937 -24.4484 
66.4543 120.036 -13.9328 4.05569 7.14653 -24.3888 
66.4758 120.07 -13.9271 3.82366 6.60602 -24.4514 
66.5005 120.074 -13.9556 3.87424 6.50766 -24.6136 
66.5063 120.035 -14.0394 4.00152 6.73845 -24.6169 
66.495 119.98 -14.1501 3.84196 6.70511 -24.4037 
66.4971 119.931 -14.2394 3.45497 6.23761 -24.237 
66.5282 119.895 -14.2949 3.2581 5.88503 -24.2346 
66.5743 119.861 -14.3371 3.34064 5.96603 -24.356 
66.611 119.832 -14.3818 3.47175 6.22046 -24.4748 
66.6277 119.83 -14.4189 3.47941 6.34343 -24.3799 
66.6397 119.859 -14.4431 3.3553 6.22213 -24.2423 
66.6688 119.901 -14.4754 3.28446 6.0564 -24.3243 
66.7058 119.923 -14.5438 3.44366 6.12729 -24.5065 
66.7269 119.913 -14.6444 3.63185 6.32151 -24.5276 
66.7383 119.906 -14.7532 3.51251 6.29021 -24.2696 
66.7775 119.917 -14.8663 3.16445 5.94398 -23.9457 
66.8522 119.932 -14.9946 2.95227 5.60207 -23.8187 
66.9143 119.926 -15.1301 3.01916 5.58784 -23.8726 
66.9113 119.901 -15.2405 3.16281 5.7637 -23.9107 
66.8763 119.88 -15.3064 3.20523 5.78069 -23.8467 
66.8908 119.888 -15.3302 3.12355 5.62592 -23.7318 
66.9629 119.927 -15.3471 3.01425 5.48481 -23.76 
67.0339 119.973 -15.3745 3.07127 5.52206 -23.9649 
67.0507 120.012 -15.4099 3.28307 5.73012 -24.0948 
67.0249 120.063 -15.4397 3.42487 5.78774 -23.9869 
67.0076 120.143 -15.4662 3.39633 5.54356 -23.8499 
67.0215 120.224 -15.5076 3.36631 5.31167 -23.8637 
67.0322 120.275 -15.5513 3.49204 5.30846 -23.9129 
67.0137 120.295 -15.5737 3.62027 5.39047 -23.8974 
67.02 120.302 -15.5793 3.57691 5.34935 -23.856 
67.0939 120.298 -15.5812 3.41257 5.24748 -23.8635 
67.1785 120.271 -15.5794 3.33122 5.23343 -23.9604 
67.1969 120.215 -15.5574 3.39274 5.32693 -24.1112 
67.1743 120.15 -15.524 3.45064 5.43116 -24.2092 
67.2016 120.108 -15.5113 3.37416 5.4115 -24.2391 
67.2956 120.08 -15.5323 3.22278 5.25549 -24.3577 
67.3728 120.041 -15.5381 3.17543 5.16088 -24.5513 
67.3807 119.995 -15.5068 3.22932 5.25386 -24.6323 
67.3805 119.97 -15.501 3.2507 5.33992 -24.5621 
67.4198 119.972 -15.5669 3.17293 5.19544 -24.445 
67.4455 119.974 -15.6405 3.12205 4.93875 -24.4229 
67.4154 119.96 -15.6358 3.22595 4.86702 -24.4536 
67.3729 119.95 -15.5908 3.33817 4.91367 -24.4478 
67.3769 119.967 -15.5853 3.3225 4.83442 -24.4878 
67.4129 119.996 -15.6215 3.33099 4.77545 -24.5333 
67.414 120.032 -15.6252 3.49516 4.84977 -24.5239 
67.3792 120.066 -15.6006 3.63093 4.83637 -24.5103 
67.3644 120.097 -15.6267 3.62479 4.67825 -24.423 
67.375 120.135 -15.6924 3.63094 4.59425 -24.2283 
67.3772 120.169 -15.7069 3.72539 4.623 -24.1338 
67.3696 120.185 -15.6557 3.75511 4.62293 -24.2043 
67.3654 120.195 -15.5925 3.67495 4.57196 -24.2808 
67.3512 120.216 -15.5345 3.65521 4.54977 -24.268 
67.3286 120.234 -15.4793 3.72025 4.55267 -24.2358 
67.3117 120.251 -15.4341 3.78962 4.52358 -24.2744 
67.3003 120.277 -15.4059 3.84905 4.50668 -24.3201 
67.2911 120.307 -15.381 3.87084 4.499 -24.3097 
67.2796 120.339 -15.351 3.8487 4.46195 -24.3214 
67.2721 120.372 -15.3073 3.88046 4.4655 -24.3277 
67.2517 120.401 -15.2442 3.92577 4.48736 -24.3418 
67.2202 120.429 -15.1798 3.92189 4.45753 -24.4285 
67.1924 120.453 -15.1202 3.95383 4.42117 -24.5268 
67.1744 120.471 -15.0752 4.0166 4.38321 -24.5674 
67.1602 120.491 -15.0473 4.03926 4.31733 -24.5933 
67.1422 120.519 -15.0238 4.02117 4.25471 -24.6126 
67.1347 120.544 -15.0031 4.00238 4.2231 -24.5755 
67.1378 120.568 -14.992 4.01371 4.23037 -24.5046 
67.1312 120.6 -14.9794 4.04362 4.25289 -24.4829 
67.1135 120.635 -14.9522 4.05114 4.2559 -24.5044 
67.0931 120.672 -14.9264 4.03419 4.19521 -24.554 
67.0677 120.725 -14.9065 4.076 4.09309 -24.5995 
67.0293 120.812 -14.8677 4.18509 3.96753 -24.6601 
66.9871 120.926 -14.8141 4.27653 3.87966 -24.7627 
66.9426 121.058 -14.7678 4.41642 3.89274 -24.8431 
66.8982 121.2 -14.7367 4.66357 3.97163 -24.8955 
66.861 121.336 -14.7073 4.86107 3.92842 -24.9799 
66.8316 121.458 -14.679 4.89197 3.71551 -25.1224 
66.8057 121.592 -14.6585 4.89617 3.59374 -25.2176 
66.7914 121.761 -14.6496 5.05115 3.58608 -25.2759 
66.7905 121.965 -14.6496 5.3049 3.56661 -25.3324 
66.7893 122.197 -14.6596 5.51255 3.45695 -25.369 
66.7725 122.454 -14.6762 5.65695 3.24679 -25.5006 
66.7316 122.747 -14.714 5.89716 3.05585 -25.657 
66.6529 123.093 -14.7623 6.30759 2.87511 -25.7881 
66.529 123.493 -14.8187 6.85063 2.49888 -26.0449 
66.3613 123.934 -14.8861 7.49806 2.03869 -26.3038 
66.1674 124.394 -14.9718 8.2429 1.76189 -26.3884 
65.9694 124.851 -15.0907 9.08259 1.57752 -26.4591 
65.7744 125.289 -15.2311 9.99447 1.2915 -26.7239 
65.5786 125.698 -15.3728 10.8707 0.932935 -27.1951 
65.3752 126.103 -15.5013 11.7251 0.669931 -27.566 
65.161 126.537 -15.6328 12.7119 0.469589 -27.7698 
64.9371 126.995 -15.7767 13.8292 0.156246 -28.0187 
64.6986 127.456 -15.9063 14.8053 -0.27233 -28.4174 
64.438 127.929 -16.0138 15.5573 -0.684416 -28.8549 
64.1458 128.448 -16.1162 16.3356 -1.11356 -29.2332 
63.83 128.982 -16.2251 17.2831 -1.69378 -29.6292 
63.4932 129.486 -16.312 18.247 -2.42874 -30.1356 
63.1356 129.952 -16.3454 19.0401 -3.23115 -30.7621 
62.7711 130.405 -16.3274 19.7304 -4.05335 -31.4032 
62.411 130.874 -16.2616 20.4519 -4.85145 -31.9912 
62.0629 131.366 -16.1707 21.1089 -5.72264 -32.6462 
61.7277 131.89 -16.0705 21.6361 -6.81235 -33.4285 
61.3949 132.441 -15.9361 22.1496 -8.16111 -34.1606 
61.0599 132.987 -15.7508 22.7752 -9.73486 -34.827 
60.7039 133.531 -15.5462 23.1426 -11.3169 -35.6349 
60.3163 134.092 -15.3302 23.1717 -12.7563 -36.6159 
59.8961 134.669 -15.0672 23.2988 -13.9205 -37.4467 
59.4335 135.248 -14.7699 23.6973 -14.8669 -38.0466 
58.9361 135.817 -14.4975 24.2319 -15.9308 -38.7102 
58.4076 136.371 -14.2479 24.7184 -17.1637 -39.4429 
57.8432 136.909 -14.0044 25.0771 -18.4286 -40.116 
57.2448 137.436 -13.7791 25.3248 -19.6294 -40.7872 
56.6215 137.958 -13.57 25.5386 -20.7952 -41.4622 
55.9931 138.464 -13.3812 25.8049 -21.9771 -42.1226 
55.3711 138.949 -13.2481 26.1765 -23.0828 -42.7055 
54.7454 139.421 -13.163 26.5742 -24.1657 -43.1568 
54.1164 139.88 -13.1018 26.8191 -25.4245 -43.6319 
53.4836 140.32 -13.068 26.92 -26.8077 -44.1925 
52.8236 140.751 -13.0656 27.0627 -28.0807 -44.6071 
52.1275 141.175 -13.0815 27.2156 -29.2324 -44.8787 
51.3909 141.573 -13.12 27.1317 -30.4166 -45.3068 
50.5975 141.94 -13.171 26.7611 -31.7614 -46.0185 
49.7198 142.301 -13.2209 26.486 -33.1293 -46.6701 
48.7398 142.7 -13.2643 26.7659 -34.3067 -46.9123 
47.6754 143.133 -13.2986 27.344 -35.3589 -47.1084 
46.5437 143.586 -13.3297 27.6126 -36.4265 -47.6551 
45.348 144.051 -13.3494 27.3643 -37.7546 -48.5407 
44.0907 144.523 -13.3503 26.9189 -39.3295 -49.5682 
42.8173 144.98 -13.3331 26.7911 -40.7242 -50.2686 
41.5481 145.405 -13.3038 26.7234 -41.882 -50.7421 
40.2779 145.786 -13.2673 26.1016 -43.1825 -51.7632 
39.0242 146.132 -13.2355 25.2687 -44.551 -53.0878 
37.7996 146.473 -13.2129 24.8577 -45.7762 -53.9448 
36.6018 146.819 -13.181 24.6806 -46.9262 -54.4559 
35.4261 147.144 -13.1124 23.8355 -48.1987 -55.5415 
34.266 147.433 -13.0046 21.9299 -49.6238 -57.7092 
33.104 147.702 -12.8912 20.0398 -50.8594 -59.8134 
31.9064 147.964 -12.807 19.0379 -51.8025 -60.9148 
30.6725 148.204 -12.749 18.4504 -52.7063 -61.6684 
29.4544 148.426 -12.6876 17.5979 -53.6381 -62.8381 
28.2857 148.64 -12.6262 16.2524 -54.5532 -64.5485 
27.1425 148.852 -12.5975 14.8423 -55.4388 -66.32 
26.0014 149.066 -12.5812 13.894 -56.2637 -67.6399 
24.8564 149.265 -12.544 13.0089 -56.8912 -68.8755 
23.7237 149.427 -12.4948 11.6105 -57.3943 -70.6127 
22.6293 149.55 -12.4591 9.79827 -57.8996 -72.75 
21.5939 149.655 -12.4438 8.13047 -58.4047 -74.7902 
20.6052 149.766 -12.4538 7.10672 -58.7979 -76.2056 
19.6262 149.895 -12.4934 6.40307 -59.0529 -77.2309 
18.6436 150.043 -12.5701 5.28908 -59.3729 -78.6651 
17.6556 150.213 -12.7114 3.95382 -59.7568 -80.2905 
16.6807 150.406 -12.9292 3.07867 -60.1731 -81.3581 
15.7463 150.593 -13.1624 2.75249 -60.6584 -81.9117 
14.8673 150.756 -13.3668 2.49677 -61.0193 -82.4505 
14.0069 150.887 -13.5552 1.84378 -61.2451 -83.3002 
13.1326 150.985 -13.7516 1.14613 -61.5258 -84.1311 
12.2631 151.068 -13.9454 1.27345 -61.8716 -84.1129 
11.4549 151.146 -14.1019 2.14779 -62.1589 -83.2939 
10.7161 151.22 -14.1856 2.72088 -62.3539 -82.7733 
9.98691 151.31 -14.1854 2.59623 -62.5215 -83.0127 
9.24662 151.424 -14.1369 2.30596 -62.7496 -83.5133 
8.51137 151.571 -14.0879 2.36443 -63.0669 -83.7372 
7.77772 151.754 -14.0558 2.69782 -63.2528 -83.6594 
7.01243 151.943 -14.0682 3.22685 -63.0987 -83.383 
6.21277 152.122 -14.1203 4.27398 -63.0715 -82.8302 
5.41958 152.292 -14.1411 5.76822 -63.7457 -82.1705 
4.64243 152.461 -14.1576 7.15098 -64.6344 -81.7197 
3.8957 152.607 -14.2302 7.94573 -65.3083 -81.7993 
3.17034 152.749 -14.3457 7.97226 -65.9836 -82.6523 
2.44632 152.904 -14.449 7.49835 -66.8625 -83.9904 
1.73318 153.032 -14.499 7.48584 -67.8995 -84.7221 
1.09009 153.12 -14.5082 7.77359 -68.903 -85.2099 
0.556231 153.166 -14.4952 7.17858 -69.8464 -86.5426 
0.145934 153.189 -14.4902 5.44151 -70.6384 -88.8212 
-0.148352 153.212 -14.5014 3.54789 -71.2582 -91.1453 
-0.349287 153.241 -14.502 2.01696 -71.8683 -92.9355 
-0.480198 153.259 -14.4508 1.02939 -72.5133 -93.938 
-0.560291 153.242 -14.3418 1.35365 -73.1836 -93.6402 
-0.61419 153.172 -14.2292 2.82797 -73.718 -92.3101 
-0.63288 153.053 -14.1348 3.68171 -73.9301 -91.496 
-0.55912 152.941 -14.0177 2.52455 -74.1047 -92.6739 
-0.366323 152.898 -13.8426 -0.783324 -74.5823 -96.1322 
-0.0962251 152.933 -13.64 -5.135 -75.327 -100.59 
0.22073 153.009 -13.4617 -8.76874 -76.1736 -104.157 
0.591874 153.095 -13.348 -11.2313 -77.141 -106.236 
0.986081 153.179 -13.2972 -13.2204 -78.2639 -107.345 
1.31583 153.255 -13.2865 -15.1731 -79.4791 -108.074 
1.56358 153.323 -13.2382 -17.9955 -80.9261 -109.679 
1.77965 153.395 -13.0467 -23.7162 -82.8544 -114.455 
1.9876 153.463 -12.7599 -35.2208 -84.8153 -125.382 
2.18214 153.498 -12.5137 -53.1673 -86.0839 -143.028 
2.36732 153.482 -12.3388 -70.2307 -86.5956 -159.883 
2.57493 153.414 -12.172 -79.8315 -86.8324 -169.246 
2.79622 153.315 -11.9534 -84.1181 -86.9606 -173.283 
2.99075 153.212 -11.6806 -84.1016 -86.8336 -173.115 
3.1682 153.093 -11.3681 -78.1962 -86.6782 -167.168 
3.33161 152.925 -11.0036 -65.9292 -86.8554 -154.864 
3.47036 152.685 -10.582 -46.7067 -87.0884 -135.736 
3.5866 152.368 -10.1653 -24.9013 -86.8195 -114.461 
3.66661 152.015 -9.7817 -6.55422 -86.1311 -96.9224 
3.72208 151.705 -9.39891 8.77425 -85.3216 -82.4887 
3.7476 151.474 -9.0129 20.6754 -84.3846 -71.3087 
3.72668 151.308 -8.66442 26.7959 -83.388 -65.642 
3.69714 151.179 -8.36902 28.1977 -82.4203 -64.8476 
3.7112 151.077 -8.15198 28.6782 -81.3974 -65.1537 
3.78859 151.036 -8.04763 29.4797 -80.5069 -64.9239 
3.9592 151.051 -7.99813 30.0363 -79.8842 -64.657 
4.24358 151.078 -7.95908 30.2328 -79.2911 -64.5598 
4.61602 151.108 -7.96048 31.1136 -78.6149 -63.6463 
5.03158 151.128 -7.96246 33.726 -77.9381 -60.8871 
5.45319 151.116 -7.914 37.2313 -77.2197 -57.2206 
5.88452 151.074 -7.83686 39.921 -76.4103 -54.5169 
6.33412 151.021 -7.77627 40.9397 -75.5886 -53.6631 
6.7974 150.94 -7.70907 40.9929 -75.005 -53.8185 
7.25729 150.805 -7.6052 40.8051 -74.7831 -54.1422 
7.6958 150.63 -7.49581 40.7367 -74.7068 -54.262 
8.08544 150.443 -7.45009 41.2366 -74.4408 -53.7045 
8.40759 150.261 -7.50065 42.5899 -74.036 -52.1605 
8.65672 150.072 -7.59592 44.5818 -73.6786 -49.9566 
8.82356 149.813 -7.65439 46.7187 -73.32 -47.6656 
8.91554 149.483 -7.65487 49.0608 -72.9813 -45.2245 
8.9687 149.158 -7.63508 51.6123 -72.854 -42.7684 
8.98653 148.893 -7.62028 53.9102 -73.0112 -40.8176 
8.95873 148.664 -7.56478 55.4721 -73.2749 -39.6964 
8.89506 148.454 -7.4543 56.1147 -73.4618 -39.5411 
8.82091 148.289 -7.34166 56.0225 -73.4882 -40.1701 
8.73857 148.189 -7.28762 55.6263 -73.4097 -40.9617 
8.66693 148.151 -7.26979 55.24 -73.3157 -41.5276 
8.6468 148.156 -7.25022 54.5648 -73.1201 -42.3355 
8.66919 148.182 -7.2374 53.0993 -72.8361 -43.8394 
8.7336 148.227 -7.24642 51.148 -72.7004 -45.8046 
8.83885 148.288 -7.28248 49.6284 -72.6879 -47.3769 
8.94407 148.359 -7.34418 49.0944 -72.5974 -47.7777 
9.04475 148.424 -7.43598 49.2967 -72.4133 -47.3457 
9.13619 148.483 -7.52995 49.978 -72.148 -46.5133 
9.20261 148.529 -7.62178 50.7531 -71.8513 -45.5572 
9.23302 148.55 -7.736 50.6229 -71.6377 -45.4123 
9.24098 148.548 -7.86228 50.0766 -71.6987 -45.7198 
9.23142 148.531 -7.94618 50.0078 -71.8873 -45.5768 
9.224 148.5 -7.97873 50.0032 -71.8569 -45.5582 
9.21108 148.461 -8.0056 49.4767 -71.5933 -46.2658 
9.16808 148.428 -8.06312 48.3706 -71.3557 -47.4876 
9.11788 148.41 -8.13398 46.8271 -71.2967 -48.9684 
9.08417 148.405 -8.18594 44.8218 -71.423 -50.755 
9.08518 148.408 -8.21237 42.3952 -71.7587 -52.9361 
9.12809 148.414 -8.19964 40.1994 -72.1904 -54.8416 
9.19425 148.421 -8.15425 38.7269 -72.3893 -55.9642 
9.25986 148.431 -8.11802 37.7413 -72.2386 -56.6986 
9.30019 148.445 -8.11267 36.9636 -71.8663 -57.3104 
9.30466 148.47 -8.13231 36.1999 -71.4345 -57.8385 
9.28311 148.503 -8.1488 35.4651 -71.0832 -58.2785 
9.26209 148.539 -8.16439 35.0731 -70.8089 -58.5297 
9.25963 148.571 -8.19924 35.219 -70.5366 -58.3534 
9.26296 148.586 -8.22157 35.4484 -70.4061 -58.0977 
