10.0728 153.577 12.5858 -24.1785 -72.2149 -122.596 
9.99945 153.521 12.6744 -23.5349 -72.152 -122.197 
9.94798 153.478 12.7463 -23.1471 -72.0586 -122.025 
9.91962 153.438 12.8124 -22.8716 -71.9321 -121.93 
9.89341 153.405 12.8697 -22.7586 -71.8018 -121.96 
9.86388 153.385 12.9158 -22.9557 -71.6982 -122.192 
9.82615 153.383 12.9552 -23.2007 -71.639 -122.423 
9.77275 153.396 12.9962 -23.1503 -71.6022 -122.419 
9.7053 153.404 13.0519 -22.8204 -71.5187 -122.118 
9.63674 153.4 13.118 -22.6208 -71.3404 -121.898 
9.57768 153.391 13.1876 -22.7057 -71.1542 -122.007 
9.52576 153.377 13.2502 -23.0695 -70.991 -122.357 
9.46937 153.367 13.3038 -23.6742 -70.8154 -122.874 
9.41419 153.378 13.3673 -24.214 -70.6371 -123.37 
9.36218 153.402 13.4496 -24.1217 -70.4561 -123.299 
9.31463 153.422 13.5482 -23.3223 -70.3435 -122.605 
9.2633 153.434 13.6644 -22.295 -70.3709 -121.658 
9.20081 153.436 13.7869 -21.738 -70.35 -121.06 
9.13992 153.409 13.915 -21.8409 -70.1557 -121.164 
9.08428 153.36 14.0508 -21.5049 -69.9672 -120.923 
9.01504 153.322 14.1785 -20.2927 -70.0297 -119.799 
8.92179 153.288 14.2803 -19.595 -70.2911 -119.245 
8.79883 153.252 14.3847 -19.8849 -70.593 -119.59 
8.63873 153.233 14.5278 -19.9762 -70.8287 -119.606 
8.43715 153.216 14.7303 -19.5029 -70.8186 -119.161 
8.20408 153.184 14.9859 -18.7204 -70.5078 -118.597 
7.95759 153.136 15.2817 -18.0943 -69.9288 -118.157 
7.71384 153.08 15.6142 -17.9668 -69.2246 -118.131 
7.48939 153.016 15.9729 -18.092 -68.5683 -118.394 
7.28155 152.954 16.3369 -18.1703 -67.9782 -118.691 
7.09019 152.887 16.6943 -18.3011 -67.4371 -119.085 
6.9242 152.813 17.0363 -18.2147 -66.8648 -119.257 
6.7803 152.747 17.35 -17.3583 -66.3592 -118.707 
6.64665 152.701 17.6225 -15.9676 -66.0961 -117.756 
6.55322 152.683 17.8567 -14.3389 -66.0311 -116.594 
6.52452 152.71 18.0537 -12.5394 -65.9895 -115.443 
6.61063 152.799 18.2118 -10.8161 -65.78 -115.052 
6.85765 152.979 18.2965 -9.08169 -65.4226 -115.295 
7.2723 153.222 18.2808 -7.46514 -64.8271 -115.703 
7.82352 153.494 18.1361 -6.72748 -63.6793 -116.939 
8.41864 153.831 17.8133 -6.73384 -62.3677 -118.972 
9.06223 154.169 17.3816 -6.70043 -62.2579 -120.46 
9.86274 154.387 17.0333 -6.40866 -63.4417 -120.838 
10.7056 154.48 16.751 -5.5482 -64.227 -120.37 
11.3819 154.559 16.3397 -4.28035 -64.1089 -119.675 
11.979 154.671 15.6808 -4.44224 -64.4824 -120.07 
12.706 154.764 14.8235 -7.06688 -65.9483 -122.288 
13.5433 154.799 13.8726 -10.9913 -67.8721 -125.671 
14.2682 154.784 12.8678 -14.5045 -69.6846 -128.785 
14.84 154.721 11.8829 -17.4435 -71.6398 -131.061 
15.4221 154.651 11.0279 -21.1359 -73.9372 -133.501 
16.1115 154.655 10.2703 -25.8475 -75.6641 -137.191 
16.8304 154.748 9.51265 -30.7848 -76.238 -141.839 
17.5368 154.858 8.74385 -35.7252 -76.4006 -146.434 
18.3078 154.897 8.01548 -41.5203 -76.8429 -151.443 
19.1148 154.861 7.34454 -48.6354 -77.4367 -157.839 
19.8439 154.811 6.6806 -55.6907 -77.8448 -164.45 
20.4562 154.807 6.00398 -61.8488 -77.886 -170.188 
21.0299 154.818 5.34607 -67.6547 -77.4527 -175.639 
21.6344 154.807 4.74043 -72.1392 -76.977 -179.902 
22.2255 154.782 4.15913 -75.5035 -77.0056 176.959 
22.7423 154.738 3.58391 -80.195 -77.186 172.524 
23.2201 154.655 3.05513 -86.1606 -76.9335 167.09 
23.7389 154.545 2.60543 -90.5867 -76.2158 163.358 
24.2938 154.425 2.19223 -93.1359 -75.1944 161.294 
24.7913 154.288 1.77047 -95.8202 -74.1156 159.027 
25.2036 154.111 1.39112 -99.1468 -73.3824 156.408 
25.5844 153.9 1.09965 -101.963 -72.8569 154.417 
25.9794 153.686 0.892524 -103.509 -72.1694 153.329 
26.3542 153.519 0.716157 -104.49 -71.5404 152.535 
26.6847 153.387 0.537522 -105.366 -71.1285 152.058 
27.0021 153.25 0.3916 -105.951 -70.6383 152.102 
27.3351 153.095 0.322759 -106.222 -69.9324 152.414 
27.6681 152.931 0.260359 -106.782 -69.0786 152.188 
27.959 152.782 0.12561 -107.705 -68.3034 151.623 
28.1789 152.644 -0.0602745 -108.407 -67.7998 151.447 
28.3659 152.506 -0.232671 -108.878 -67.4895 151.478 
28.5594 152.368 -0.392148 -109.36 -67.0814 151.204 
28.7418 152.255 -0.552572 -110.021 -66.4647 150.588 
28.8738 152.158 -0.72608 -110.738 -65.8309 150.14 
28.9943 152.04 -0.890313 -111.066 -65.3045 150.065 
29.1449 151.913 -1.03218 -111.297 -64.9139 150.011 
29.3232 151.798 -1.18226 -112.053 -64.3786 149.458 
29.495 151.706 -1.369 -113.095 -63.5379 148.822 
29.6299 151.624 -1.56082 -114.003 -62.5843 148.519 
29.7594 151.533 -1.72959 -114.709 -61.8521 148.155 
29.9014 151.439 -1.9325 -115.444 -61.3991 147.625 
30.0406 151.353 -2.16676 -116.23 -60.9074 147.112 
30.1632 151.263 -2.35005 -116.723 -60.2179 146.912 
30.2829 151.162 -2.45293 -116.926 -59.4083 146.951 
30.4142 151.051 -2.51376 -117.219 -58.588 146.886 
30.5508 150.938 -2.56654 -117.744 -57.7924 146.732 
30.6905 150.833 -2.61431 -118.19 -57.1476 146.812 
30.8279 150.75 -2.63935 -118.376 -56.7131 147.147 
30.9632 150.67 -2.6504 -118.537 -56.3106 147.404 
31.0878 150.579 -2.66009 -118.889 -55.7817 147.483 
31.1719 150.477 -2.65567 -119.343 -55.1194 147.602 
31.2211 150.363 -2.62636 -119.879 -54.401 147.589 
31.2497 150.247 -2.53439 -120.539 -53.9176 147.372 
31.248 150.142 -2.35665 -121.028 -53.6807 147.367 
31.2199 150.034 -2.0902 -121.11 -53.1636 147.631 
31.1594 149.901 -1.7304 -120.976 -52.1048 148.078 
31.021 149.736 -1.24566 -121.159 -50.5728 148.514 
30.7806 149.572 -0.593128 -122.037 -48.7518 148.585 
30.5059 149.491 0.238232 -122.823 -46.9865 148.832 
30.2198 149.48 1.16169 -122.744 -45.2749 149.812 
29.805 149.479 2.1006 -123.093 -43.3494 150.852 
29.2627 149.543 3.09325 -124.021 -41.3677 152.266 
28.6813 149.701 4.17225 -123.955 -39.3412 154.452 
28.0038 149.886 5.30221 -123.519 -37.1984 156.146 
27.1576 150.1 6.42364 -123.391 -35.412 157.477 
26.196 150.412 7.50661 -122.847 -33.9487 159.168 
25.2204 150.792 8.49142 -121.64 -32.28 160.632 
24.2934 151.169 9.29121 -120.489 -30.592 161.426 
23.419 151.551 9.89575 -120.286 -29.4016 162.223 
22.5818 151.991 10.355 -120.859 -28.4471 163.462 
21.8497 152.507 10.6847 -120.956 -27.199 164.57 
21.2933 153.086 10.7567 -120.422 -26.2687 165.196 
20.8747 153.669 10.4776 -120.438 -26.1093 165.533 
20.5195 154.163 9.96018 -121.29 -26.1087 165.506 
20.1922 154.567 9.3475 -122.124 -26.2032 165.204 
19.8748 154.966 8.66646 -122.46 -26.9927 164.774 
19.5464 155.39 7.95444 -122.485 -28.1523 164.215 
19.209 155.779 7.28372 -122.482 -28.7768 163.688 
18.8833 156.057 6.66282 -122.612 -28.8315 163.231 
18.6024 156.207 6.0791 -122.75 -29.1513 162.585 
18.3788 156.29 5.56217 -122.895 -30.0538 161.713 
18.1686 156.339 5.15172 -123.168 -30.9568 161.016 
17.9778 156.385 4.85255 -123.429 -31.5909 160.592 
17.8511 156.433 4.64362 -123.514 -32.3698 160.192 
17.7799 156.474 4.49973 -123.526 -33.0305 159.958 
17.7214 156.501 4.38247 -123.561 -33.172 160.112 
17.6664 156.535 4.27216 -123.676 -33.2994 160.403 
17.6577 156.589 4.17189 -123.891 -33.8499 160.361 
17.6912 156.637 4.05798 -124.109 -34.4991 159.951 
17.6942 156.662 3.90192 -124.209 -34.7086 159.618 
17.6373 156.686 3.72102 -124.256 -34.6837 159.602 
17.5665 156.722 3.5597 -124.392 -35.0174 159.527 
17.5498 156.76 3.42107 -124.524 -35.7396 159.132 
17.5812 156.797 3.29362 -124.682 -36.41 158.616 
17.6105 156.833 3.1639 -124.963 -36.8052 158.42 
17.6192 156.87 3.0478 -125.236 -36.8952 158.584 
17.6606 156.924 2.91555 -125.417 -36.9618 158.511 
17.723 156.992 2.74159 -125.527 -37.3415 158.005 
17.7255 157.054 2.54732 -125.635 -37.8339 157.511 
17.6748 157.119 2.35391 -125.793 -38.0745 157.211 
17.6144 157.196 2.1712 -125.868 -38.4793 156.911 
17.5666 157.269 1.99978 -125.795 -39.3134 156.342 
17.5437 157.338 1.84009 -125.894 -40.2898 155.584 
17.5311 157.406 1.70623 -126.199 -41.0322 155.106 
17.5226 157.452 1.62075 -126.403 -41.4506 155.067 
17.5544 157.472 1.56022 -126.464 -41.7952 155.072 
17.6062 157.488 1.52612 -126.551 -42.2044 154.813 
17.6314 157.51 1.50437 -126.704 -42.7229 154.669 
17.6167 157.533 1.48478 -126.795 -43.2202 154.815 
17.6108 157.559 1.45941 -126.785 -43.5039 154.702 
17.6319 157.588 1.41363 -126.802 -43.8338 154.09 
17.6497 157.603 1.35917 -127.048 -44.3631 153.291 
17.6441 157.614 1.30072 -127.264 -44.8389 152.836 
17.6727 157.604 1.27728 -127.3 -45.2142 152.671 
17.7479 157.591 1.28594 -127.395 -45.6657 152.249 
17.8523 157.581 1.30896 -127.696 -46.384 151.723 
17.966 157.567 1.33811 -128.01 -47.0545 151.584 
18.0968 157.538 1.37999 -128.333 -47.3146 151.644 
18.2493 157.508 1.43459 -128.762 -47.5141 151.362 
18.4007 157.48 1.50204 -129.154 -47.8769 150.836 
18.5189 157.464 1.57747 -129.391 -48.1435 150.582 
18.5935 157.463 1.64541 -129.372 -48.2575 150.758 
18.6587 157.458 1.67434 -129.384 -48.45 150.747 
18.7242 157.462 1.69884 -129.735 -48.9683 150.15 
18.795 157.471 1.69386 -130.484 -49.8383 149.356 
18.8251 157.485 1.6476 -131.271 -50.7346 148.834 
18.855 157.483 1.6086 -132.027 -51.507 148.253 
18.9033 157.492 1.57832 -132.989 -52.2562 147.146 
18.9295 157.545 1.55032 -134.041 -53.2917 145.997 
18.882 157.625 1.52155 -134.928 -54.5083 145.389 
18.7934 157.663 1.5187 -135.36 -55.2332 145.262 
18.7381 157.679 1.55517 -135.571 -55.475 144.959 
18.6889 157.725 1.58922 -135.816 -56.0029 144.525 
18.5569 157.792 1.58761 -135.992 -56.62 144.447 
18.2877 157.84 1.57177 -135.567 -56.7557 145.238 
17.8852 157.864 1.55918 -134.483 -56.847 146.899 
17.3571 157.842 1.55327 -133.398 -57.1409 148.482 
16.7437 157.742 1.5954 -133.068 -57.5608 148.78 
16.1329 157.638 1.72054 -133.167 -58.4492 148.465 
15.5512 157.588 1.91037 -132.757 -59.2677 149.118 
14.9924 157.62 2.1119 -131.568 -59.1101 150.787 
14.4819 157.789 2.29163 -129.953 -58.7327 152.327 
14.0294 158.102 2.42581 -128.849 -59.3674 152.87 
13.5863 158.455 2.48442 -128.726 -60.6254 152.473 
13.1343 158.733 2.45882 -128.677 -61.4539 151.998 
12.7557 158.916 2.37041 -128.3 -61.6107 151.606 
12.5116 159.034 2.23977 -128.509 -61.6429 150.68 
12.3662 159.11 2.08701 -129.557 -61.8526 149.311 
12.2739 159.151 1.9276 -130.459 -61.925 148.393 
12.2435 159.209 1.77625 -131.073 -61.948 147.83 
12.244 159.27 1.695 -131.508 -62.2093 147.403 
12.2253 159.312 1.68103 -131.456 -62.5989 147.399 
12.1938 159.351 1.71115 -130.878 -63.1078 147.759 
12.1758 159.404 1.73678 -130.511 -63.8379 147.868 
12.1956 159.443 1.75602 -130.546 -64.4364 147.735 
12.2567 159.443 1.77969 -130.505 -64.6236 147.843 
12.3573 159.41 1.81244 -130.235 -64.6339 148.26 
12.4604 159.359 1.86812 -129.734 -64.5864 149.006 
12.5373 159.298 1.93887 -129.218 -64.4539 149.832 
12.5836 159.241 2.01804 -129.015 -64.2888 150.227 
12.5896 159.175 2.09742 -128.822 -64.1766 150.536 
12.5671 159.099 2.16838 -128.514 -64.0499 151.012 
12.5001 159.015 2.25481 -128.314 -63.8895 151.432 
12.4096 158.942 2.35949 -127.864 -63.787 152.048 
12.321 158.887 2.48065 -127.108 -63.6971 152.886 
12.2368 158.843 2.61536 -126.705 -63.6004 153.357 
12.1273 158.784 2.75914 -126.449 -63.5916 153.656 
12.0065 158.709 2.90289 -125.936 -63.618 154.175 
11.8834 158.643 3.0162 -125.428 -63.4649 154.635 
11.7626 158.582 3.13975 -125.194 -63.2664 154.756 
11.6405 158.555 3.25277 -125.067 -63.2888 154.701 
11.5015 158.531 3.36823 -124.776 -63.421 154.875 
11.3073 158.469 3.49687 -123.93 -63.6165 155.733 
11.0275 158.331 3.64205 -122.538 -63.7086 157.173 
10.6673 158.089 3.83943 -121.112 -63.3339 158.381 
10.2899 157.778 4.12591 -120.023 -63.1269 159.135 
9.90495 157.469 4.51823 -119.597 -63.9207 159.781 
9.47726 157.204 4.99559 -118.924 -64.798 161.26 
9.02881 156.962 5.55816 -116.599 -64.7593 164.031 
8.60673 156.745 6.24134 -113.163 -64.3852 167.457 
8.20158 156.561 7.02584 -109.449 -64.5707 171.353 
7.75349 156.393 7.84111 -105.287 -64.7369 175.885 
7.26895 156.244 8.64638 -101.209 -64.0978 179.956 
6.7805 156.133 9.42128 -97.6251 -63.5439 -176.886 
6.29882 156.045 10.1463 -93.9311 -63.758 -173.692 
5.84342 155.935 10.8098 -90.2333 -64.0171 -170.437 
5.4306 155.792 11.4248 -86.9097 -63.7723 -167.409 
5.04676 155.645 12.0044 -84.223 -63.1552 -164.778 
4.69562 155.482 12.5558 -81.9374 -62.4508 -162.653 
4.38845 155.282 13.1046 -79.5881 -62.0092 -160.625 
4.108 155.063 13.6765 -77.2332 -62.1251 -158.405 
3.79021 154.864 14.2522 -74.9549 -62.4262 -156.087 
3.4164 154.676 14.8124 -72.5373 -61.8519 -153.961 
3.06962 154.456 15.376 -69.648 -60.4373 -151.797 
2.80945 154.203 15.9628 -66.6142 -59.4176 -149.248 
2.5814 153.975 16.5596 -63.9035 -59.3391 -146.495 
2.32661 153.802 17.1096 -61.4924 -59.3731 -143.977 
2.02615 153.64 17.6079 -59.4076 -58.8015 -142.218 
1.69108 153.476 18.094 -57.1382 -58.004 -140.385 
1.37718 153.326 18.5719 -54.4478 -57.3838 -138.099 
1.13043 153.179 18.9968 -51.948 -56.9039 -136.011 
0.959546 153.024 19.347 -49.9129 -56.439 -134.29 
0.825681 152.863 19.6623 -48.0244 -55.864 -132.455 
0.716256 152.717 19.9911 -46.2982 -55.1999 -130.514 
0.629102 152.61 20.3008 -44.958 -54.6261 -128.892 
0.55317 152.549 20.5387 -44.0377 -54.0196 -127.702 
0.490168 152.526 20.6957 -43.4387 -53.2485 -126.921 
0.431053 152.504 20.8001 -42.9713 -52.6702 -126.531 
0.370416 152.49 20.8723 -42.5213 -52.4329 -126.416 
0.270767 152.515 20.9051 -41.2756 -52.2597 -125.155 
0.150733 152.566 20.912 -39.477 -52.0318 -123.231 
0.0423867 152.634 20.9111 -38.0769 -51.691 -121.862 
-0.0121403 152.697 20.8752 -37.0631 -51.3442 -120.953 
-0.0374617 152.776 20.8033 -36.0624 -51.1517 -120.137 
-0.0433684 152.853 20.724 -35.1239 -51.031 -119.403 
-0.0348051 152.921 20.6707 -34.3755 -50.8423 -118.799 
-0.0173319 152.981 20.6621 -33.5726 -50.5498 -118.108 
0.00219012 153.029 20.6882 -32.3108 -50.2182 -116.967 
0.0248505 153.067 20.7164 -30.9484 -49.9698 -115.781 
0.0538217 153.105 20.734 -29.9388 -49.6841 -115.038 
0.0927727 153.143 20.7366 -29.1093 -49.21 -114.492 
0.146407 153.169 20.7165 -28.3816 -48.7477 -113.986 
0.215482 153.188 20.6763 -27.8434 -48.4918 -113.696 
0.291232 153.217 20.6199 -27.2054 -48.4935 -113.374 
0.376583 153.269 20.5401 -26.3424 -48.6333 -112.812 
0.459978 153.326 20.461 -25.5406 -48.6615 -112.271 
0.54312 153.395 20.3645 -25.0397 -48.5793 -112.008 
0.620747 153.477 20.2664 -24.6948 -48.4274 -111.935 
0.6948 153.567 20.1641 -24.3002 -48.2799 -111.831 
0.777374 153.656 20.0646 -23.9323 -48.1973 -111.723 
0.883881 153.732 19.9674 -23.7839 -48.0976 -111.737 
1.0085 153.791 19.8543 -23.4347 -47.9225 -111.428 
1.11454 153.845 19.7026 -22.0942 -47.7261 -110.018 
1.13587 153.88 19.5 -19.5204 -47.3589 -107.209 
0.98224 153.858 19.2941 -16.3627 -46.6139 -103.524 
0.625691 153.742 19.1952 -13.9892 -45.3028 -100.586 
0.151016 153.505 19.255 -13.6296 -43.3786 -100.15 
-0.29001 153.124 19.4509 -14.694 -41.1112 -101.565 
-0.545288 152.642 19.7334 -15.2907 -38.8533 -102.653 
-0.567404 152.165 20.0379 -14.6121 -37.2638 -102.552 
-0.476355 151.779 20.3747 -12.9981 -36.4777 -101.563 
-0.445624 151.53 20.7377 -10.738 -35.9953 -99.9325 
-0.501034 151.432 21.0001 -8.33468 -35.4639 -98.1416 
-0.524503 151.419 21.1635 -6.77329 -34.5766 -97.1762 
-0.354249 151.432 21.2832 -6.50694 -33.5763 -97.3391 
-0.0199235 151.448 21.4022 -6.69031 -32.8594 -97.6216 
0.319548 151.466 21.5116 -6.09031 -32.4015 -96.7351 
0.54682 151.507 21.5966 -4.52154 -31.9085 -94.8364 
0.70869 151.585 21.6548 -3.00709 -31.2111 -93.5575 
0.972203 151.693 21.6771 -2.45021 -30.3787 -93.8128 
1.38488 151.804 21.6433 -2.60551 -29.6413 -94.3895 
1.79666 151.918 21.5308 -2.51267 -29.2668 -93.8235 
2.04777 152.074 21.3345 -1.60024 -29.1345 -92.2671 
2.14714 152.281 21.0984 -0.207227 -28.9357 -91.0896 
2.24144 152.513 20.8704 1.02862 -28.7505 -90.9781 
2.43501 152.714 20.6923 2.04181 -28.7626 -91.1403 
2.70972 152.868 20.5502 3.09877 -28.7667 -90.5456 
2.98099 152.993 20.3839 4.11467 -28.5911 -89.2528 
3.1672 153.104 20.1802 4.73453 -28.3799 -88.1133 
3.27124 153.215 19.9896 4.80405 -28.1648 -87.874 
3.40538 153.324 19.8477 4.42282 -27.8905 -88.5124 
3.65798 153.398 19.7494 3.99278 -27.6677 -89.1943 
4.01738 153.409 19.6801 4.16142 -27.5983 -88.8915 
4.39669 153.373 19.6131 4.98139 -27.5645 -87.4497 
4.69231 153.314 19.5597 5.83708 -27.4705 -85.8348 
4.87914 153.244 19.5832 6.40161 -27.258 -84.9837 
5.02472 153.151 19.7282 6.6342 -26.8806 -85.2128 
5.20544 153.027 19.9503 6.66086 -26.4827 -86.056 
5.42457 152.875 20.1647 7.05559 -26.252 -86.3022 
5.60618 152.731 20.2981 8.12291 -26.1563 -85.4074 
5.67819 152.631 20.3515 9.39151 -26.0335 -84.2604 
5.67076 152.581 20.3854 10.1281 -25.97 -84.036 
5.68122 152.569 20.4423 10.3036 -26.2235 -84.6661 
5.75718 152.557 20.5177 10.6464 -26.6873 -85.0331 
5.84601 152.514 20.5821 11.4691 -27.0122 -84.43 
5.87308 152.466 20.6211 12.0882 -27.0537 -83.5759 
5.85572 152.452 20.6866 11.8951 -26.9671 -83.6773 
5.90264 152.479 20.8064 11.1933 -26.8463 -84.6616 
6.0392 152.526 20.9582 10.9541 -26.6581 -85.2276 
6.23221 152.545 21.1076 11.4207 -26.6503 -84.6557 
6.37968 152.529 21.2264 11.8589 -26.8597 -83.7341 
6.42741 152.525 21.3293 11.881 -26.8933 -83.3701 
6.43133 152.559 21.4605 11.6488 -26.7578 -83.6586 
6.43767 152.607 21.6309 11.6437 -26.7585 -83.9699 
6.40415 152.621 21.8259 12.2933 -26.8091 -83.6453 
6.30932 152.616 21.9632 13.1781 -26.8753 -82.9355 
6.14207 152.629 22.0451 13.556 -26.7992 -82.7256 
5.97721 152.687 22.119 13.2242 -26.5903 -83.335 
5.92364 152.774 22.1951 12.6928 -26.4932 -84.0468 
5.96545 152.829 22.2788 12.7798 -26.5944 -83.8843 
6.00503 152.825 22.3883 13.4774 -26.6693 -82.9404 
6.00626 152.799 22.5301 13.8766 -26.4363 -82.291 
6.02322 152.788 22.7078 13.5184 -26.0454 -82.4854 
6.10595 152.79 22.901 12.9532 -25.8024 -82.8733 
6.19584 152.763 23.0926 12.9268 -25.6571 -82.6705 
6.22915 152.717 23.238 13.314 -25.5372 -82.0697 
6.20291 152.685 23.352 13.5579 -25.4086 -81.8086 
6.17935 152.677 23.468 13.6433 -25.2998 -81.9214 
6.19582 152.673 23.5888 13.9062 -25.2869 -81.8682 
6.20639 152.657 23.6779 14.3056 -25.3316 -81.5458 
6.19504 152.62 23.7537 14.3944 -25.2457 -81.3446 
6.17069 152.592 23.8369 14.1265 -24.9514 -81.4523 
6.15294 152.603 23.9305 13.7967 -24.6949 -81.7395 
6.19227 152.621 24.0371 13.6762 -24.6641 -81.8596 
6.24015 152.612 24.1281 13.8836 -24.7269 -81.5982 
6.25975 152.591 24.1781 14.1396 -24.7306 -81.1971 
6.25128 152.591 24.216 14.1882 -24.6503 -81.0447 
6.24032 152.62 24.258 14.0703 -24.5148 -81.1139 
6.21628 152.649 24.293 14.0539 -24.4353 -81.1213 
6.1608 152.665 24.308 14.4251 -24.4484 -80.8988 
6.08534 152.685 24.2925 15.0969 -24.5734 -80.5671 
6.02893 152.707 24.255 15.7554 -24.7575 -80.256 
5.98476 152.706 24.2397 16.1969 -24.9152 -80.0799 
6.01118 152.663 24.2336 16.4071 -25.0265 -79.8232 
6.06922 152.594 24.2266 16.636 -25.036 -79.2498 
6.13164 152.514 24.2328 16.9075 -24.989 -78.5731 
6.20313 152.419 24.2826 17.1065 -24.9355 -78.0927 
6.28304 152.292 24.3635 17.1028 -24.8783 -77.8914 
6.35606 152.144 24.4545 16.9898 -24.7893 -77.9246 
6.42085 152.007 24.546 16.9985 -24.6424 -77.9324 
6.47519 151.896 24.631 17.0816 -24.4115 -77.8072 
6.52253 151.809 24.704 17.1531 -24.193 -77.6883 
6.56435 151.749 24.758 17.2938 -24.1188 -77.6224 
6.62736 151.708 24.7963 17.591 -24.0898 -77.4725 
6.69364 151.676 24.8138 17.9056 -24.0189 -77.2945 
6.77973 151.639 24.8118 17.9011 -23.998 -77.2396 
6.882 151.602 24.7973 17.6558 -24.1172 -77.3019 
6.99689 151.573 24.7796 17.6326 -24.2013 -77.1888 
7.12013 151.557 24.7429 17.924 -24.1443 -76.7671 
7.23194 151.544 24.6824 18.1233 -24.1535 -76.4492 
7.32882 151.531 24.6216 18.1031 -24.2652 -76.4471 
7.39657 151.525 24.5704 18.0923 -24.2789 -76.5146 
7.44881 151.515 24.5448 18.1524 -24.1283 -76.4753 
7.49335 151.512 24.5238 18.1777 -23.9779 -76.4087 
7.54225 151.508 24.5078 18.0562 -23.8994 -76.4486 
7.59034 151.492 24.4926 17.9548 -23.81 -76.4907 
7.63128 151.48 24.4709 17.9529 -23.6746 -76.4687 
7.66843 151.476 24.4371 17.9534 -23.5581 -76.4248 
7.69708 151.47 24.3938 17.9347 -23.495 -76.3637 
7.71702 151.47 24.3411 18.0356 -23.4343 -76.2549 
7.72915 151.485 24.2656 18.3373 -23.3263 -76.0294 
7.73558 151.521 24.1545 18.6505 -23.3554 -75.7933 
7.73687 151.577 24.0228 18.9482 -23.5381 -75.6659 
7.74598 151.651 23.8804 19.4481 -23.7474 -75.582 
7.78058 151.747 23.6874 20.2221 -24.0221 -75.3274 
7.83582 151.865 23.4084 21.2568 -24.6383 -74.6365 
7.89157 151.977 23.0843 22.2413 -25.5193 -73.7862 
7.93931 152.087 22.7256 22.8492 -26.3558 -73.2093 
7.94922 152.186 22.346 23.2927 -27.0854 -72.6793 
7.90117 152.271 21.964 23.9366 -27.834 -72.0195 
7.82257 152.36 21.6079 24.6236 -28.5211 -71.6312 
7.75359 152.457 21.2442 24.9845 -29.193 -71.6468 
7.6956 152.532 20.867 24.8585 -30.0588 -71.9969 
7.69888 152.638 20.4256 24.3528 -31.3645 -72.5202 
7.802 152.789 19.9436 23.6432 -32.8312 -73.055 
7.99423 152.969 19.4378 22.9456 -34.2076 -73.4223 
8.23186 153.165 18.9129 22.5206 -35.4541 -73.5168 
8.45861 153.36 18.398 22.5822 -36.3917 -73.2517 
8.66264 153.559 17.9197 22.9039 -36.9717 -72.8764 
8.87583 153.777 17.4405 23.1077 -37.5252 -72.7082 
9.10635 154.005 16.9552 23.061 -38.1964 -72.7328 
9.37355 154.248 16.45 22.7135 -38.9593 -72.9649 
9.69622 154.507 15.8966 22.2547 -39.793 -73.2237 
10.044 154.781 15.2917 22.0426 -40.6209 -73.1543 
10.4231 155.07 14.6371 21.867 -41.5617 -73.0838 
10.8423 155.361 13.9394 21.491 -42.9262 -73.3288 
11.2715 155.649 13.2285 21.3427 -44.5367 -73.3548 
11.705 155.945 12.5328 21.736 -45.9712 -72.832 
12.1405 156.23 11.8351 22.4576 -47.3331 -72.0424 
12.578 156.491 11.1218 23.0879 -48.9522 -71.3697 
13.0364 156.744 10.3887 23.2763 -50.5953 -71.0856 
13.5236 156.979 9.64935 23.1593 -52.077 -71.0948 
14.0169 157.183 8.91251 23.0231 -53.4669 -71.0682 
14.5193 157.367 8.1655 23.0699 -55.0082 -70.8843 
15.0507 157.556 7.39578 23.3097 -56.6371 -70.5358 
15.6237 157.74 6.59369 23.5982 -58.3184 -70.1986 
16.2197 157.905 5.76893 24.1918 -60.2608 -69.6134 
16.8241 158.052 4.92956 25.3472 -62.366 -68.5051 
17.4333 158.174 4.07234 26.8255 -64.5117 -67.0214 
18.0326 158.276 3.22537 28.503 -66.8565 -65.2375 
18.6069 158.371 2.41773 30.4464 -69.3609 -63.1497 
19.1617 158.45 1.63385 32.9823 -71.7598 -60.6019 
19.7328 158.479 0.82947 36.9694 -73.8622 -56.7227 
20.3264 158.461 0.0428116 42.5838 -75.723 -50.9795 
20.9508 158.41 -0.690341 49.3689 -77.695 -43.739 
21.5995 158.321 -1.35051 57.4276 -79.6643 -35.2065 
22.2459 158.196 -1.89583 67.1297 -81.1322 -25.0702 
22.8694 158.075 -2.36471 77.4677 -81.9127 -14.0005 
23.4903 157.963 -2.76113 85.6837 -82.3284 -4.78821 
24.1349 157.861 -3.05489 92.3542 -82.6967 2.88709 
24.763 157.766 -3.23241 99.0777 -83.0546 10.7052 
25.3489 157.688 -3.33252 107.317 -83.391 20.076 
25.9047 157.625 -3.38013 118.334 -83.7533 32.0512 
26.4458 157.587 -3.33328 131.057 -84.3442 45.5882 
26.9556 157.57 -3.27162 144.451 -85.2297 59.8869 
27.3817 157.57 -3.14664 157.955 -85.8331 74.3224 
27.6653 157.594 -2.85518 167.819 -85.758 85.0032 
27.8259 157.622 -2.48195 173.383 -85.4831 91.2335 
27.908 157.659 -2.1374 177.117 -85.4773 95.3202 
27.881 157.704 -1.7462 177.422 -85.7202 95.8952 
27.7257 157.757 -1.24456 172.72 -86.0393 91.8002 
27.468 157.827 -0.648411 169.03 -86.5403 88.6167 
27.1107 157.912 -0.00938992 171.356 -87.4335 90.7656 
26.6387 157.971 0.669017 174.398 -88.477 93.0036 
26.0585 157.998 1.39215 130.103 -89.5006 47.8562 
25.3989 158.036 2.13569 41.451 -88.617 -41.34 
24.748 158.068 2.86137 30.1217 -87.468 -53.2168 
24.1202 158.07 3.61201 25.1374 -86.5623 -59.0029 
23.4733 158.019 4.41459 24.749 -85.5633 -60.126 
22.8087 157.927 5.24595 24.4719 -84.6089 -61.2646 
22.2114 157.808 6.07105 21.1353 -83.8766 -65.7848 
21.6707 157.688 6.87798 14.5961 -83.1565 -73.4992 
21.1354 157.594 7.68106 6.28919 -82.3372 -82.8868 
20.6058 157.518 8.47686 0.117856 -81.5461 -90.4381 
20.0931 157.438 9.30471 -0.942015 -80.683 -92.9985 
19.6098 157.359 10.1233 0.338029 -79.7682 -92.8538 
19.1521 157.278 10.9341 -1.56261 -78.8129 -95.4456 
18.7143 157.188 11.7375 -6.95891 -77.7486 -101.361 
18.2966 157.09 12.5053 -12.5639 -76.6471 -107.435 
17.8831 156.98 13.2091 -16.8105 -75.6653 -112.007 
17.4655 156.839 13.8316 -20.2621 -74.7952 -115.581 
17.0572 156.669 14.356 -22.8573 -74.069 -118.43 
16.6071 156.501 14.7732 -23.2195 -73.7187 -119.184 
16.0297 156.331 15.1184 -21.2406 -73.5481 -117.595 
15.3547 156.153 15.4275 -19.6824 -73.2666 -116.491 
14.7077 155.996 15.6812 -20.6891 -72.9341 -118.145 
14.1497 155.919 15.8497 -21.7739 -72.7309 -120.004 
13.628 155.949 15.9242 -20.5527 -72.702 -119.51 
13.1319 156.048 15.9214 -19.2094 -72.5928 -118.79 
12.7098 156.175 15.8814 -20.5441 -72.205 -120.643 
12.3742 156.307 15.8396 -22.9424 -71.6183 -123.619 
12.1132 156.423 15.7755 -23.1406 -71.2149 -124.619 
11.9225 156.489 15.6807 -20.9017 -71.3783 -123.342 
11.8164 156.506 15.5549 -18.3062 -71.869 -121.562 
11.7938 156.482 15.4263 -17.9475 -72.1138 -121.628 
11.8308 156.427 15.3292 -20.4757 -71.9146 -124.313 
11.8809 156.367 15.2573 -23.1318 -71.5073 -127.088 
11.9061 156.326 15.2242 -23.4706 -71.1933 -127.728 
11.9195 156.285 15.1778 -22.2451 -71.1477 -127.094 
11.9631 156.202 15.0831 -21.3927 -71.4538 -127 
12.035 156.087 14.9656 -21.1192 -72.0577 -127.369 
12.1416 156.001 14.8769 -21.1943 -72.4916 -127.898 
12.2969 155.961 14.819 -22.3726 -72.3798 -129.452 
12.5054 155.944 14.7533 -24.5064 -71.9661 -131.74 
12.7354 155.922 14.6577 -25.5522 -71.8488 -132.698 
12.952 155.894 14.5306 -24.6712 -72.1389 -131.609 
13.1643 155.872 14.3621 -23.9804 -72.5316 -130.873 
13.3978 155.855 14.1637 -24.618 -72.8132 -131.706 
13.6502 155.84 13.9548 -25.6888 -72.9625 -132.816 
13.9075 155.828 13.7319 -26.3348 -73.1187 -133.251 
14.1556 155.812 13.476 -26.2417 -73.4445 -133.012 
14.4203 155.79 13.1949 -26.2626 -73.8572 -132.963 
14.6868 155.767 12.9085 -26.7138 -74.1801 -133.36 
14.9114 155.738 12.6296 -26.2436 -74.5168 -133.072 
15.1519 155.689 12.3279 -23.3591 -75.1712 -131.049 
15.5404 155.645 11.9333 -18.0848 -76.0188 -127.293 
16.1675 155.646 11.3537 -12.7136 -76.6295 -123.738 
17.0725 155.629 10.5572 -9.3955 -76.8465 -122.358 
18.3067 155.488 9.52766 -8.88591 -77.0079 -123.346 
19.7922 155.263 8.24119 -13.125 -77.6147 -127.745 
21.3328 155.024 6.71073 -23.6358 -78.7741 -137.309 
22.8698 154.737 5.07551 -37.7479 -80.3026 -150.215 
24.4255 154.391 3.49366 -54.1005 -82.0018 -165.092 
25.9392 154.096 1.95865 -76.4035 -83.1114 174.545 
27.3412 153.94 0.447021 -103.557 -82.4812 149.383 
28.7053 153.828 -0.941463 -123.167 -80.3669 131.475 
30.1206 153.628 -2.07138 -134.592 -78.4686 122.339 
31.3979 153.41 -2.99243 -141.323 -77.054 119.172 
32.3699 153.202 -3.73261 -145.366 -75.3426 118.366 
33.1228 153.013 -4.21124 -149.725 -73.611 115.784 
33.7658 152.837 -4.42026 -153.831 -72.3842 113.635 
34.2563 152.685 -4.50794 -153.726 -70.9177 116.448 
34.4974 152.562 -4.55202 -151.231 -68.675 120.765 
34.4726 152.529 -4.48697 -150.278 -66.753 122.768 
34.2293 152.576 -4.23854 -150.928 -66.0289 123.333 
33.8028 152.633 -3.85127 -151.695 -65.7856 123.758 
33.2143 152.737 -3.3997 -151.635 -65.0555 124.799 
32.4561 152.991 -2.88899 -149.784 -63.7227 127.377 
31.5307 153.346 -2.30704 -146.301 -62.1608 131.188 
30.4515 153.714 -1.68204 -143.281 -60.9302 134.554 
29.1847 154.131 -1.10428 -141.617 -60.9141 137.587 
27.6524 154.6 -0.674077 -140.358 -62.3857 141.161 
25.9283 154.97 -0.396866 -137.768 -63.9735 145.387 
24.1029 155.138 -0.163524 -133.74 -64.2372 149.594 
22.1853 155.209 0.0939367 -129.644 -64.6348 153.475 
20.2198 155.265 0.375492 -125.613 -66.9708 156.95 
18.3888 155.272 0.75237 -121.394 -70.1794 159.88 
16.8162 155.304 1.36757 -115.613 -72.4341 164.844 
15.467 155.43 2.18173 -106.554 -72.968 173.535 
14.1932 155.542 2.95513 -95.6675 -72.5942 -176.982 
12.8965 155.577 3.57869 -83.9825 -73.02 -167.231 
11.6668 155.666 4.16934 -71.238 -73.7007 -155.48 
10.6184 155.847 4.81134 -60.3733 -73.2737 -145.787 
9.71383 155.971 5.37574 -49.9178 -72.4266 -138.085 
8.8885 155.993 5.68845 -37.1338 -72.1678 -127.603 
8.17532 156.029 5.81948 -26.1752 -72.5192 -116.815 
7.70059 156.199 5.93579 -19.7842 -72.5916 -110.322 
7.37564 156.437 6.04251 -13.0662 -71.7553 -104.596 
6.92905 156.576 6.06266 -4.3759 -70.372 -96.8596 
6.36962 156.627 5.98799 2.02865 -69.1596 -90.9923 
5.90057 156.747 5.81655 6.42942 -68.1377 -87.2168 
5.61287 157.009 5.51118 11.1724 -67.041 -82.8199 
5.35114 157.312 5.06024 16.8167 -66.1032 -77.1212 
5.01787 157.565 4.50514 23.4021 -65.2544 -70.3418 
4.67123 157.796 3.89636 30.339 -64.0953 -62.8109 
4.36593 158.037 3.24536 35.909 -63.1063 -56.4557 
4.06839 158.24 2.57053 39.9823 -62.9072 -52.0782 
3.73635 158.394 1.91693 43.6529 -62.9899 -48.4198 
3.37947 158.542 1.31895 47.4955 -62.6494 -44.5224 
2.98638 158.665 0.788622 51.1052 -61.6167 -40.6811 
2.5241 158.702 0.305074 53.2691 -60.0943 -38.0216 
2.0287 158.663 -0.180493 53.6684 -58.7705 -37.0194 
1.56147 158.611 -0.678255 53.2689 -57.9215 -36.6916 
1.08331 158.56 -1.13535 53.0112 -57.1581 -36.0082 
0.59632 158.553 -1.4962 54.2632 -56.2128 -34.3756 
0.237555 158.625 -1.72695 58.0209 -54.6757 -31.1772 
0.0494213 158.64 -1.80377 61.4793 -52.1247 -27.0975 
-0.143116 158.543 -1.79787 61.7171 -49.9734 -23.8794 
-0.461158 158.481 -1.70222 62.6997 -49.4949 -21.2088 
-0.776585 158.503 -1.39195 67.9047 -48.2283 -17.9624 
-0.919662 158.453 -0.906574 73.3345 -44.1638 -15.0998 
-0.886108 158.279 -0.489587 75.6077 -39.5655 -12.7377 
-0.784876 158.078 -0.250916 76.4351 -36.9617 -10.5313 
-0.650758 157.949 -0.0819595 78.0504 -35.9339 -8.98053 
-0.456947 157.934 0.107597 79.906 -34.5366 -8.11428 
-0.222513 158.058 0.279422 81.1294 -32.0777 -7.42428 
0.069321 158.288 0.402206 83.1722 -29.3376 -6.40737 
0.467502 158.522 0.44688 86.099 -26.764 -5.37884 
0.947859 158.74 0.323133 87.7396 -24.8151 -4.5422 
1.46028 158.991 -0.0185312 87.81 -24.2113 -3.75729 
1.98011 159.198 -0.509605 88.0187 -24.6788 -2.86101 
2.52856 159.323 -1.0245 89.0191 -24.94 -1.43444 
3.12407 159.42 -1.48099 90.0791 -24.5206 0.42617 
3.7842 159.532 -1.88857 90.653 -24.4236 1.48938 
4.53204 159.668 -2.2849 91.1034 -25.2284 1.30925 
5.40867 159.784 -2.70601 92.66 -25.835 0.372551 
6.53335 159.779 -3.2306 96.1742 -24.9683 -0.821643 
7.90385 159.493 -3.91383 99.6678 -23.3466 -1.74394 
9.13702 158.932 -4.74932 101.289 -23.1748 -0.776097 
10.2184 157.963 -5.54883 103.509 -24.3003 2.1172 
11.4117 156.845 -6.27277 106.771 -25.3249 4.21649 
12.7137 155.835 -6.91905 107.865 -26.6332 4.80587 
14.0229 154.985 -7.43233 107.447 -28.9401 5.419 
15.4191 154.298 -7.88869 108.117 -31.8196 5.85964 
17.0296 153.756 -8.33454 109.547 -34.7685 6.35844 
18.8065 153.271 -8.69443 110.081 -37.7371 7.82781 
20.5021 152.796 -8.9997 109.437 -41.1365 9.70933 
21.9905 152.329 -9.27808 109.95 -45.2014 11.8345 
23.5353 151.897 -9.46448 113.046 -48.838 14.6922 
25.329 151.573 -9.53323 116.182 -51.2565 18.2483 
27.134 151.409 -9.48679 118.702 -53.9757 22.9075 
28.7608 151.348 -9.43038 123.315 -57.7143 29.0323 
30.2285 151.345 -9.37142 128.943 -60.6716 35.8 
31.4626 151.468 -9.25963 133.471 -62.6748 42.7728 
32.4511 151.592 -9.05052 140.213 -64.7608 51.2404 
33.2482 151.815 -8.74946 149.193 -66.2983 59.7651 
33.9495 151.953 -8.29101 155.209 -66.9523 65.1054 
34.5136 152.035 -7.75118 158.518 -67.415 69.4643 
34.9954 152.129 -7.13096 162.654 -67.6412 75.4093 
35.4633 152.259 -6.46984 167.522 -67.7789 81.6384 
35.9082 152.343 -5.88504 172.833 -67.922 87.5704 
36.2933 152.282 -5.36792 178.251 -67.4721 93.0868 
36.5736 152.107 -4.85511 -178.397 -66.7156 96.741 
36.7414 151.9 -4.30128 -175.839 -66.0578 99.7314 
36.9133 151.664 -3.67406 -171.985 -64.9949 103.129 
37.1772 151.337 -2.91983 -166.19 -63.1491 108.195 
37.4272 150.914 -1.95715 -158.015 -59.8272 117.095 
37.6111 150.505 -0.800237 -149.19 -54.652 127.04 
37.7794 150.197 0.501213 -142.226 -49.4411 133.59 
37.8546 149.94 1.93015 -138.585 -46.0025 136.963 
37.7633 149.653 3.38815 -137.827 -43.1673 139.373 
37.586 149.374 4.84432 -137.408 -39.461 141.317 
37.2921 149.169 6.34267 -135.75 -35.8907 143.395 
36.7328 149.012 7.87213 -133.958 -33.3035 146.54 
35.9622 148.837 9.4208 -132.783 -30.3335 149.988 
35.105 148.668 10.949 -131.5 -26.224 152.355 
34.1594 148.541 12.3418 -130.159 -22.5065 153.952 
33.1057 148.422 13.5535 -129.96 -19.8454 155.4 
32.0154 148.342 14.7156 -130.852 -17.5151 157.068 
30.9673 148.37 15.8872 -130.881 -15.5033 159.171 
29.9044 148.486 16.9278 -129.579 -13.7644 161.768 
28.7296 148.683 17.7736 -128.62 -11.6815 164.478 
27.5099 148.964 18.5191 -127.839 -9.45538 166.804 
26.4186 149.234 19.177 -126.25 -7.99471 168.589 
25.4478 149.426 19.6146 -125.025 -7.88055 170.361 
24.6694 149.694 19.7525 -125.091 -8.35356 172.819 
24.0403 149.943 19.7058 -125.588 -8.10709 175.213 
23.5367 150.213 19.4746 -125.646 -8.05917 176.217 
23.1893 150.594 18.9389 -124.962 -9.10812 176.004 
23.0073 151.034 18.107 -124.356 -9.89389 175.612 
22.9099 151.42 17.1365 -124.451 -9.74423 175.379 
22.8486 151.831 16.178 -124.616 -9.75773 175.178 
22.8505 152.37 15.2056 -123.79 -11.5549 175.414 
22.9392 152.957 14.1551 -122.461 -14.9565 176.255 
23.0529 153.477 13.0862 -121.863 -17.7612 177.258 
23.1599 153.924 12.1263 -122.305 -18.7073 177.351 
23.3306 154.371 11.2459 -122.8 -19.1698 176.237 
23.5326 154.81 10.3137 -123.129 -20.3519 174.735 
23.6869 155.203 9.35177 -123.784 -21.4759 173.32 
23.7613 155.577 8.46602 -124.228 -21.7981 172.149 
23.8129 155.917 7.66489 -124.354 -22.0628 171.15 
23.8665 156.215 6.91455 -124.495 -22.6077 170.432 
23.9218 156.478 6.2255 -124.612 -22.9885 170.207 
23.8793 156.708 5.51113 -124.663 -24.2117 170.534 
23.565 156.879 4.64621 -124.433 -28.1088 171.372 
22.9218 156.943 3.69816 -123.694 -34.4568 172.03 
22.072 156.86 2.84979 -123.25 -40.4918 171.647 
21.1852 156.674 2.11136 -123.41 -43.6973 170.301 
20.4443 156.586 1.4746 -123.562 -44.3988 168.613 
19.905 156.756 0.980125 -123.692 -44.5786 167.224 
19.521 157.12 0.567434 -123.865 -44.9202 166.468 
19.1647 157.508 0.185705 -123.996 -45.5543 166.112 
18.6434 157.74 -0.163054 -124.274 -47.3093 165.424 
17.8902 157.794 -0.47422 -124.93 -50.7386 163.871 
17.0727 157.87 -0.720209 -126.249 -54.9775 161.365 
16.3271 158.056 -0.893315 -128.185 -58.67 158.471 
15.6099 158.207 -1.05184 -129.304 -61.2157 156.975 
14.9575 158.273 -1.22768 -128.982 -62.599 156.786 
14.4317 158.351 -1.40617 -129.458 -63.3924 155.501 
13.9433 158.479 -1.58357 -131.785 -64.4979 152.765 
13.4131 158.643 -1.72446 -134.284 -65.8794 150.049 
12.8697 158.818 -1.79399 -135.813 -67.4256 147.659 
12.3172 158.984 -1.79069 -137.66 -69.1539 144.671 
11.7302 159.176 -1.74882 -140.24 -70.8051 141.585 
11.1263 159.417 -1.71338 -142.953 -72.6093 138.753 
10.5566 159.605 -1.68992 -144.912 -74.313 136.01 
10.0892 159.674 -1.6851 -145.994 -74.9847 133.396 
9.72384 159.705 -1.70541 -148.48 -74.9788 129.633 
9.37037 159.698 -1.76875 -152.18 -75.2102 125.607 
9.00342 159.593 -1.85573 -153.708 -75.3993 124.217 
8.62879 159.482 -1.92583 -155.111 -75.6554 123.321 
8.16037 159.507 -1.96347 -164.541 -77.5963 115.442 
7.43836 159.65 -1.93211 160.863 -80.6597 83.5334 
6.33693 159.679 -1.686 112.588 -77.8422 38.0914 
4.86912 159.459 -1.09622 96.6188 -72.5449 23.4199 
3.2488 159.126 -0.170722 96.3573 -69.5543 21.4106 
1.81732 158.863 1.07797 101.209 -67.6098 21.9548 
0.773898 158.686 2.656 102.733 -65.6809 19.3466 
0.175647 158.531 4.38116 97.5995 -64.3987 12.3409 
-0.00660006 158.418 6.06033 90.4351 -63.3577 4.08055 
0.150198 158.452 7.69754 86.8641 -61.3265 -1.31372 
0.467169 158.522 9.12452 85.3254 -58.1861 -4.4117 
0.997336 158.724 10.1619 83.2801 -55.158 -7.55129 
1.88971 159.147 10.8143 82.0243 -53.5503 -10.3224 
2.99304 159.685 11.158 81.9041 -52.8505 -11.9005 
4.07797 160.206 11.1839 81.8631 -51.3942 -12.3578 
5.18716 160.663 10.8601 81.9778 -49.1442 -12.1252 
6.40175 161.061 10.3081 82.7591 -47.1608 -11.3377 
7.57829 161.464 9.65349 84.1581 -45.7213 -10.2286 
8.59556 161.933 8.83795 86.0865 -44.6453 -8.82144 
9.50258 162.4 7.74574 88.3949 -43.9255 -6.93008 
10.3356 162.768 6.39026 90.5169 -43.2088 -4.62082 
11.0497 163.025 4.84263 92.387 -42.7964 -2.25294 
11.6977 163.175 3.18645 94.5455 -43.1184 0.348346 
12.357 163.196 1.5358 96.7483 -43.2861 3.78266 
13.0333 163.139 0.0386744 98.0583 -43.2349 7.36957 
13.7285 163.097 -1.2263 98.6816 -43.197 9.6512 
14.3706 163.105 -2.26667 98.689 -42.5979 10.4619 
14.931 163.1 -3.11092 98.7256 -41.6429 11.4767 
15.5111 163.013 -3.79145 99.3477 -40.7423 13.3008 
16.1378 162.844 -4.35629 99.8646 -39.6674 15.3473 
16.6451 162.615 -4.90942 100.275 -39.0315 17.3569 
16.9948 162.342 -5.54684 101.443 -39.6682 19.2704 
17.2352 162.04 -6.17397 102.794 -40.2633 21.2477 
17.4117 161.772 -6.69287 103.656 -39.9436 23.1421 
17.5565 161.615 -7.05148 104.686 -39.433 24.5344 
17.7639 161.547 -7.20495 105.675 -39.0574 25.1636 
17.9902 161.431 -7.1809 106.075 -38.9293 25.5443 
18.1191 161.199 -7.02928 106.701 -39.2253 26.2285 
18.1186 160.968 -6.77282 107.97 -39.6312 26.792 
18.0708 160.865 -6.43873 108.945 -39.7391 25.8711 
18.063 160.875 -6.02114 109.082 -39.2132 23.6521 
18.0749 160.883 -5.59519 108.883 -38.4267 21.4566 
18.0106 160.884 -5.31933 109.228 -38.5859 20.0155 
17.876 160.916 -5.22047 110.95 -39.4144 19.3422 
17.8467 160.881 -5.22507 113.062 -39.9066 18.6609 
17.7865 160.916 -5.29117 113.82 -40.4356 17.8112 
17.9196 160.911 -5.38171 113.756 -41.3968 17.4295 
18.2163 160.935 -5.50433 114.158 -42.3412 17.8002 
18.464 160.961 -5.62015 114.811 -42.9237 18.6725 
18.6515 160.911 -5.63465 115.497 -43.242 19.6017 
18.7823 160.798 -5.51376 116.005 -43.623 20.6611 
18.7813 160.675 -5.28249 116.179 -44.1922 22.5368 
18.6538 160.544 -4.92406 116.677 -44.5968 24.7509 
18.4746 160.356 -4.36763 117.808 -45.1127 26.4302 
18.2343 160.051 -3.55562 119.308 -46.0852 27.6956 
17.8991 159.658 -2.45317 120.545 -47.0387 28.0924 
17.5353 159.26 -1.16132 120.97 -47.7439 26.3746 
17.175 158.876 0.104936 121.025 -48.485 23.6524 
16.7648 158.52 1.34967 121.183 -49.5481 21.4853 
16.2616 158.221 2.52274 121.143 -50.6259 19.7207 
15.7175 158.022 3.49086 120.984 -51.5185 17.7115 
15.2232 157.936 4.30762 121.636 -52.3216 15.9384 
14.786 157.882 5.0081 122.624 -53.2655 14.8499 
14.3714 157.792 5.54538 122.958 -54.4624 13.8607 
14.0273 157.741 5.92979 122.886 -55.2658 12.8607 
13.8362 157.844 6.2117 123.397 -55.416 12.6287 
13.8165 158.073 6.35972 124.778 -55.6344 13.374 
13.8593 158.288 6.33332 126.611 -56.3411 14.7949 
13.9147 158.482 6.21036 128.121 -57.0177 16.1116 
14.0345 158.777 6.07565 129.038 -57.386 16.9578 
14.2337 159.179 5.91615 130.473 -57.9195 18.241 
14.4731 159.578 5.66752 132.719 -58.8664 20.0776 
14.7423 159.901 5.30259 134.958 -59.8543 21.8742 
15.1116 160.155 4.86245 136.472 -60.1744 23.3569 
15.5901 160.412 4.42839 137.409 -60.0155 24.7715 
16.1252 160.629 4.00004 138.86 -60.2432 26.9372 
16.6098 160.709 3.59988 141.091 -60.8903 29.8312 
17.0651 160.679 3.29152 143.33 -61.4135 32.3539 
17.5839 160.69 3.0933 144.858 -61.4551 33.9063 
18.1309 160.78 2.94185 146.358 -61.4615 35.5695 
18.5751 160.81 2.78202 148.155 -61.8995 37.5796 
18.8388 160.689 2.67249 149.61 -62.3286 39.0824 
19.0417 160.54 2.69991 150.158 -62.4685 39.4461 
19.3079 160.498 2.8167 150.662 -62.5676 39.4419 
19.5866 160.53 2.92066 152.42 -63.1637 40.86 
19.7442 160.481 2.93688 155.494 -64.5151 43.956 
19.7876 160.358 2.91275 157.953 -65.9268 46.4085 
19.7833 160.266 2.92667 158.747 -66.6252 46.9549 
19.7361 160.197 2.94888 159.888 -66.6481 47.5177 
19.6623 160.115 2.95531 162.192 -66.5154 48.9457 
19.5674 160.019 2.98404 163.844 -66.5245 49.9943 
19.4312 159.948 3.05167 164.63 -66.7907 50.6951 
19.2526 159.9 3.14092 167.413 -67.4497 52.9468 
19.0732 159.834 3.27593 172.961 -68.138 56.8773 
18.866 159.759 3.50198 177.316 -68.5913 59.7291 
18.6017 159.682 3.81987 179.347 -69.2011 61.2783 
18.3212 159.575 4.19509 -177.392 -69.9905 63.8696 
18.0285 159.431 4.65384 -173.253 -70.5482 66.517 
17.6714 159.23 5.19295 -170.051 -71.1258 68.4419 
17.3137 158.97 5.77665 -164.476 -72.1257 73.3545 
17.0521 158.724 6.40968 -155.101 -73.1364 82.1071 
16.8563 158.543 7.09332 -147.261 -73.7217 88.9626 
16.6738 158.389 7.80311 -142.747 -73.9168 92.4528 
16.4882 158.215 8.47291 -136.336 -73.783 98.3791 
16.2566 158.024 9.11811 -125.782 -73.1865 108.644 
15.9446 157.869 9.85782 -116.069 -72.5559 117.321 
15.5696 157.736 10.7453 -110.309 -72.6725 121.503 
15.162 157.541 11.6537 -104.916 -72.5096 125.672 
14.7449 157.274 12.4658 -96.9471 -70.7599 132.613 
14.3187 157.026 13.2387 -89.3577 -68.9546 138.75 
13.8132 156.859 14.0088 -84.111 -68.9469 142.357 
13.23 156.728 14.7095 -80.0309 -69.4216 145.262 
12.6192 156.502 15.3267 -75.9829 -68.3863 148.489 
12.0608 156.193 15.9666 -72.3128 -66.5035 150.939 
11.5439 155.904 16.7308 -68.5552 -65.656 153.085 
11.0255 155.654 17.5487 -64.2318 -65.1653 156.164 
10.4854 155.348 18.3023 -60.2681 -63.1746 159.348 
9.94238 154.978 19.0146 -56.8979 -60.5692 161.577 
9.39697 154.62 19.7592 -53.1076 -59.2865 163.806 
8.84949 154.323 20.532 -49.1996 -58.6803 166.198 
8.29028 154.03 21.1877 -46.3773 -56.8219 168.006 
7.7674 153.662 21.6653 -44.922 -53.7117 168.687 
7.36814 153.308 22.1002 -43.9637 -51.1258 168.935 
7.00099 153.077 22.536 -42.9902 -49.67 169.286 
6.51404 152.903 22.8558 -41.7431 -48.4034 169.753 
5.97818 152.717 23.0396 -40.4247 -46.6496 170.411 
5.55015 152.534 23.2704 -39.5418 -44.5866 171.055 
5.24041 152.406 23.6219 -38.8046 -42.8961 171.754 
4.86949 152.303 23.9046 -37.8178 -41.7107 172.644 
4.35054 152.143 23.9653 -36.7318 -40.632 173.626 
3.83967 151.946 23.8609 -35.6546 -39.1781 174.624 
3.51359 151.837 23.7606 -34.9853 -37.1615 175.309 
3.32836 151.824 23.7017 -35.3382 -35.0312 175.14 
3.19536 151.83 23.5776 -36.2121 -33.4228 174.556 
3.0808 151.838 23.3481 -37.0113 -32.3796 174.245 
2.98258 151.857 23.0583 -37.5965 -31.4354 174.259 
2.8831 151.903 22.7606 -37.9713 -30.5698 174.56 
2.7822 151.981 22.453 -38.3406 -29.7125 174.969 
2.69213 152.079 22.1603 -38.8032 -28.5471 175.172 
2.57746 152.164 21.8602 -39.1073 -27.3803 175.484 
2.39809 152.215 21.4842 -39.3245 -26.338 175.913 
2.12405 152.216 21.0296 -39.7171 -25.1961 176.122 
1.78106 152.218 20.4885 -40.1913 -24.4001 176.363 
1.46998 152.258 19.91 -40.0727 -23.7383 176.7 
1.32818 152.33 19.3857 -38.8631 -22.4932 176.498 
1.36167 152.412 18.9025 -37.3388 -21.2141 176.406 
1.37956 152.484 18.4069 -36.8479 -20.8169 177.17 
1.30673 152.61 17.9625 -37.2316 -20.6151 178.21 
1.25088 152.874 17.5564 -37.3642 -19.6505 178.811 
1.3524 153.274 17.0583 -36.697 -18.4684 179.322 
1.60477 153.625 16.3299 -35.9447 -17.9981 179.878 
1.83172 153.768 15.4951 -35.7945 -18.1255 -179.378 
1.96871 153.858 14.8168 -35.5186 -18.3354 -178.308 
2.10657 154.078 14.2858 -34.6825 -18.3313 -177.319 
2.34217 154.439 13.7888 -33.7929 -18.3917 -176.809 
2.68281 154.795 13.2387 -33.2832 -18.9183 -176.209 
3.0498 155.059 12.6801 -33.5116 -19.1832 -174.899 
3.40462 155.326 12.2015 -34.624 -18.199 -173.48 
3.7003 155.662 11.7325 -35.9146 -16.9349 -172.501 
3.91253 156.008 11.1432 -36.2902 -17.0033 -171.554 
4.07309 156.254 10.4013 -35.7399 -18.1392 -170.625 
4.22101 156.381 9.65398 -35.3367 -18.7837 -170.364 
4.329 156.465 9.01854 -35.7095 -18.3035 -170.663 
4.38632 156.597 8.50296 -36.3535 -17.5435 -170.931 
4.46937 156.802 8.06662 -36.5274 -17.5298 -170.903 
4.55639 156.953 7.65595 -36.3457 -18.5853 -170.341 
4.53004 156.955 7.319 -36.3916 -19.7827 -169.624 
4.35854 156.885 7.14057 -36.5719 -20.0957 -169.35 
4.13873 156.855 7.11168 -36.2297 -19.7588 -169.307 
3.9889 156.857 7.16285 -35.6005 -19.3617 -169.243 
3.9605 156.784 7.24772 -35.1972 -18.8853 -169.158 
3.96458 156.582 7.37548 -35.1551 -18.4973 -168.879 
3.8472 156.326 7.56545 -35.2219 -18.6928 -168.02 
3.59898 156.108 7.82559 -35.1005 -18.9391 -166.896 
3.38192 155.974 8.12002 -34.5411 -18.7324 -166.276 
3.30746 155.892 8.36623 -33.4509 -18.5108 -166.062 
3.32364 155.754 8.54253 -32.4352 -18.3364 -165.828 
3.30773 155.579 8.72952 -32.2992 -17.8198 -165.253 
3.22634 155.495 8.97328 -32.8007 -17.1052 -164.478 
3.14271 155.506 9.18987 -32.889 -16.9627 -163.986 
3.11346 155.506 9.29361 -32.1477 -17.7238 -163.822 
3.16874 155.443 9.35119 -31.319 -18.4188 -163.9 
3.25388 155.328 9.46966 -31.182 -18.2007 -163.925 
3.25422 155.187 9.64878 -31.3938 -17.7522 -163.443 
3.16203 155.09 9.83528 -31.1984 -17.906 -162.691 
3.09858 155.066 9.99181 -30.466 -18.3797 -162.221 
3.16175 155.055 10.1125 -29.9653 -18.4054 -162.331 
3.2925 154.987 10.2229 -29.9733 -18.0846 -162.605 
3.35676 154.875 10.3586 -30.1131 -17.944 -162.359 
3.32409 154.781 10.5211 -30.1768 -17.9515 -161.811 
3.27591 154.726 10.6685 -29.9578 -17.9914 -161.48 
3.27763 154.662 10.7757 -29.5906 -18.0512 -161.479 
3.30212 154.554 10.8786 -29.4238 -18 -161.448 
3.29709 154.441 11.0175 -29.59 -17.7253 -161.243 
3.26599 154.361 11.1691 -29.8371 -17.2943 -161.017 
3.24215 154.31 11.2795 -29.6964 -17.1485 -160.808 
3.23295 154.257 11.3342 -29.148 -17.4528 -160.511 
3.21707 154.175 11.3792 -28.6933 -17.7003 -160.204 
3.16862 154.07 11.4635 -28.7687 -17.369 -160.042 
3.08239 153.995 11.5808 -28.9994 -16.7678 -159.892 
3.00795 153.994 11.6767 -28.8301 -16.5592 -159.723 
2.98842 154.012 11.701 -28.2241 -16.8575 -159.696 
3.00107 153.962 11.6859 -27.6009 -17.1214 -159.735 
2.99702 153.851 11.7158 -27.613 -16.6995 -159.603 
2.95382 153.743 11.8022 -28.0448 -15.8041 -159.305 
2.89975 153.684 11.8921 -27.9797 -15.3531 -159.018 
2.87721 153.657 11.9482 -27.3017 -15.5868 -158.939 
2.87739 153.617 11.9921 -26.7481 -15.7642 -158.894 
2.84817 153.547 12.0468 -26.7457 -15.3209 -158.618 
2.76733 153.477 12.1237 -26.8549 -14.6882 -158.279 
2.6985 153.445 12.1894 -26.3456 -14.6998 -158.147 
2.68358 153.427 12.2305 -25.3641 -15.3397 -158.029 
2.70092 153.387 12.2837 -25.0893 -15.7 -157.878 
2.70123 153.329 12.3692 -25.6748 -15.1902 -157.885 
2.64513 153.293 12.4482 -26.1327 -14.5385 -157.827 
2.57269 153.294 12.4683 -25.8104 -14.4651 -157.555 
2.55308 153.316 12.4345 -25.2488 -14.7449 -157.41 
2.56711 153.309 12.3948 -25.2573 -14.8559 -157.514 
2.54941 153.283 12.3834 -25.7825 -14.5847 -157.715 
2.47704 153.286 12.3947 -26.0458 -14.2968 -157.736 
2.39457 153.327 12.3898 -25.7502 -14.351 -157.651 
2.36995 153.386 12.3502 -25.4481 -14.6427 -157.658 
2.37451 153.418 12.3355 -25.5516 -14.7058 -157.705 
2.36538 153.427 12.3372 -26.0218 -14.4621 -157.794 
2.31299 153.453 12.3296 -26.2985 -14.32 -157.802 
2.24518 153.515 12.2873 -26.0533 -14.5697 -157.662 
2.21512 153.587 12.2264 -25.8213 -14.8551 -157.678 
2.23141 153.629 12.1888 -26.0225 -14.8706 -158.017 
2.22786 153.633 12.2077 -26.4041 -14.8575 -158.23 
2.1702 153.638 12.2673 -26.7492 -14.8583 -158.073 
2.1033 153.677 12.3239 -26.9753 -14.6655 -157.899 
2.06038 153.717 12.3356 -26.9284 -14.5245 -157.896 
2.01469 153.712 12.3251 -26.6422 -14.6762 -157.905 
1.93648 153.666 12.3499 -26.6012 -14.6875 -157.861 
1.83271 153.627 12.4192 -26.8575 -14.3074 -157.731 
1.74611 153.622 12.4778 -26.9154 -13.9463 -157.667 
1.71088 153.636 12.4907 -26.7697 -13.9037 -157.8 
1.70515 153.638 12.4972 -26.8019 -14.0122 -157.906 
1.68119 153.625 12.5265 -27.0657 -13.9751 -157.82 
1.65461 153.624 12.5701 -27.2748 -13.7455 -157.738 
1.64202 153.654 12.5962 -27.2537 -13.6272 -157.753 
1.63977 153.696 12.608 -27.2728 -13.7304 -157.741 
1.61117 153.724 12.6116 -27.473 -13.7743 -157.676 
1.55305 153.744 12.613 -27.6662 -13.5487 -157.705 
1.4893 153.765 12.6018 -27.5964 -13.3598 -157.835 
1.44954 153.789 12.5626 -27.4189 -13.5361 -157.939 
1.3786 153.805 12.5132 -27.3187 -13.8903 -157.991 
1.29687 153.808 12.4975 -27.3793 -13.9926 -158.026 
1.21855 153.803 12.5248 -27.4298 -13.7377 -158.074 
1.14336 153.814 12.5577 -27.3869 -13.4521 -158.142 
1.09431 153.844 12.5831 -27.3237 -13.3836 -158.195 
1.03696 153.858 12.5964 -27.3055 -13.487 -158.186 
0.943982 153.853 12.6062 -27.3129 -13.6202 -158.027 
0.839258 153.838 12.6135 -27.2586 -13.5857 -157.87 
0.781855 153.83 12.5972 -27.2553 -13.3578 -158.059 
0.782707 153.833 12.5637 -27.3115 -13.2994 -158.399 
0.791042 153.813 12.5497 -27.4268 -13.4936 -158.502 
0.780074 153.784 12.5637 -27.6387 -13.6194 -158.365 
0.774556 153.785 12.5876 -27.7791 -13.4967 -158.223 
0.827907 153.829 12.5979 -27.8827 -13.3099 -158.209 
0.888216 153.882 12.5807 -28.0266 -13.2831 -158.306 
0.925505 153.912 12.5629 -28.2557 -13.3428 -158.389 
0.918375 153.91 12.5335 -28.3767 -13.3853 -158.38 
0.87985 153.885 12.5051 -28.3738 -13.2844 -158.347 
0.852369 153.869 12.4793 -28.4247 -13.1428 -158.4 
0.835573 153.872 12.4545 -28.4729 -13.2138 -158.416 
0.789683 153.878 12.4265 -28.5556 -13.3364 -158.317 
0.710683 153.878 12.3943 -28.6431 -13.3 -158.231 
0.631706 153.901 12.3595 -28.5355 -13.207 -158.182 
0.57362 153.94 12.3096 -28.3395 -13.1414 -158.25 
0.540033 153.975 12.2365 -28.2605 -13.1316 -158.467 
0.490168 153.991 12.149 -28.2442 -13.286 -158.621 
0.41864 153.986 12.0669 -28.2814 -13.4879 -158.568 
0.326485 153.978 11.9836 -28.3561 -13.4576 -158.507 
0.247747 153.993 11.8919 -28.3488 -13.2479 -158.572 
0.21884 154.051 11.7895 -28.2674 -13.188 -158.777 
0.243034 154.137 11.6644 -28.3377 -13.4238 -158.967 
0.266152 154.202 11.5359 -28.6045 -13.8081 -159.024 
0.256843 154.233 11.4222 -29.0062 -13.92 -158.995 
0.231516 154.255 11.3373 -29.3755 -13.6364 -158.959 
0.20936 154.288 11.2544 -29.4657 -13.462 -159.024 
0.184785 154.314 11.1737 -29.1954 -13.8075 -159.211 
0.127761 154.302 11.1265 -28.9634 -14.249 -159.372 
0.0554627 154.262 11.1148 -29.0918 -14.1212 -159.383 
-0.000113877 154.236 11.1134 -29.2864 -13.6421 -159.278 
-0.0357818 154.229 11.109 -29.2264 -13.5154 -159.216 
-0.0523929 154.224 11.0977 -29.0139 -13.8445 -159.265 
-0.0588685 154.21 11.0957 -28.8943 -14.1359 -159.347 
-0.0643249 154.184 11.1038 -29.0341 -14.0988 -159.318 
-0.0893401 154.16 11.1252 -29.2872 -13.8659 -159.113 
-0.147332 154.152 11.1173 -29.3276 -13.7388 -158.945 
-0.21217 154.175 11.0756 -29.1415 -13.754 -158.94 
-0.248483 154.225 11.0105 -28.9797 -13.8166 -159.039 
-0.250856 154.286 10.9175 -28.9489 -13.9534 -159.166 
-0.248864 154.344 10.8139 -28.9748 -14.1509 -159.193 
-0.252649 154.4 10.711 -29.0911 -14.2592 -159.225 
-0.256633 154.469 10.5964 -29.2329 -14.2914 -159.318 
-0.262959 154.547 10.478 -29.2745 -14.3713 -159.407 
-0.283862 154.614 10.3753 -29.2271 -14.4453 -159.512 
-0.307511 154.664 10.2891 -29.192 -14.4253 -159.58 
-0.320414 154.703 10.2173 -29.2104 -14.3816 -159.571 
-0.311818 154.738 10.1615 -29.2442 -14.4123 -159.463 
-0.283927 154.779 10.1001 -29.3232 -14.5017 -159.408 
-0.258595 154.819 10.035 -29.4207 -14.5668 -159.483 
-0.239634 154.847 9.99452 -29.4378 -14.6403 -159.557 
-0.219572 154.861 9.98132 -29.3642 -14.7742 -159.574 
-0.212115 154.865 9.9786 -29.3181 -14.8076 -159.539 
-0.212607 154.872 9.96607 -29.3864 -14.6314 -159.516 
-0.205983 154.89 9.94071 -29.5085 -14.4447 -159.508 
-0.197565 154.912 9.91521 -29.5666 -14.3698 -159.482 
-0.188324 154.928 9.88877 -29.618 -14.3697 -159.501 
-0.189331 154.934 9.88135 -29.5771 -14.4589 -159.535 
-0.191508 154.939 9.90106 -29.4095 -14.5845 -159.512 
-0.180366 154.953 9.90658 -29.3896 -14.5974 -159.491 
-0.181208 154.968 9.88731 -29.5244 -14.4944 -159.51 
-0.185989 154.98 9.86182 -29.6371 -14.4103 -159.458 
-0.188667 154.992 9.83369 -29.6154 -14.476 -159.382 
-0.212527 155.007 9.79787 -29.5344 -14.5663 -159.376 
-0.239834 155.025 9.76116 -29.531 -14.5411 -159.452 
-0.263084 155.047 9.72222 -29.5892 -14.4669 -159.543 
-0.292376 155.071 9.68155 -29.6011 -14.48 -159.577 
-0.319007 155.098 9.63099 -29.5809 -14.5909 -159.603 
-0.335345 155.13 9.58045 -29.5319 -14.755 -159.684 
-0.357699 155.157 9.54473 -29.4761 -14.8109 -159.719 
-0.382874 155.177 9.50836 -29.4864 -14.7528 -159.711 
-0.38693 155.201 9.47739 -29.506 -14.7775 -159.66 
-0.378769 155.228 9.44579 -29.5162 -14.8614 -159.615 
-0.387432 155.247 9.3994 -29.5613 -14.9136 -159.673 
-0.419949 155.255 9.36607 -29.5835 -14.9602 -159.73 
-0.442041 155.264 9.33821 -29.6045 -14.9693 -159.722 
-0.457033 155.276 9.29252 -29.6083 -14.9975 -159.756 
-0.47522 155.286 9.23643 -29.6267 -15.0254 -159.809 
-0.500171 155.294 9.18004 -29.6681 -14.9975 -159.819 
-0.526341 155.301 9.12493 -29.7107 -14.9421 -159.792 
-0.541127 155.311 9.07006 -29.7925 -14.8375 -159.811 
-0.535483 155.339 9.00026 -29.9283 -14.6925 -159.917 
-0.527711 155.376 8.92701 -29.9528 -14.7674 -159.992 
-0.528416 155.412 8.84792 -29.9742 -14.8782 -159.917 
-0.529175 155.446 8.76453 -30.04 -14.9295 -159.947 
-0.510105 155.49 8.65393 -30.2062 -14.8675 -160.044 
-0.498817 155.531 8.55588 -30.2634 -14.9169 -160.031 
-0.506779 155.566 8.45869 -30.2464 -15.0934 -159.947 
-0.524665 155.608 8.34002 -30.289 -15.1265 -159.956 
-0.523346 155.66 8.21178 -30.3076 -15.1956 -160.15 
-0.521908 155.706 8.09215 -30.2132 -15.3712 -160.343 
-0.525156 155.74 7.97695 -30.1632 -15.5525 -160.447 
-0.510339 155.775 7.84964 -30.2814 -15.6395 -160.52 
-0.466649 155.82 7.71582 -30.4813 -15.6355 -160.47 
-0.41712 155.862 7.57706 -30.6608 -15.5735 -160.341 
-0.379041 155.888 7.44966 -30.7988 -15.4659 -160.316 
-0.347484 155.893 7.36369 -30.8498 -15.4197 -160.344 
-0.328966 155.876 7.30218 -30.7821 -15.5277 -160.314 
-0.297555 155.853 7.23533 -30.7635 -15.569 -160.199 
-0.233618 155.845 7.15247 -30.8881 -15.457 -160.067 
-0.161997 155.839 7.08287 -31.0158 -15.3378 -159.921 
-0.0895812 155.834 7.01529 -31.0988 -15.2972 -159.837 
-0.0189857 155.833 6.94666 -31.1888 -15.292 -159.851 
0.0182632 155.826 6.89613 -31.21 -15.2914 -159.822 
0.0596749 155.824 6.83677 -31.2632 -15.2817 -159.73 
0.100499 155.829 6.74856 -31.3535 -15.2598 -159.663 
0.116619 155.832 6.64546 -31.3614 -15.2537 -159.668 
0.139913 155.836 6.54313 -31.3597 -15.3064 -159.713 
0.181515 155.849 6.43099 -31.4387 -15.4533 -159.73 
0.240584 155.877 6.28143 -31.5989 -15.6821 -159.732 
0.285514 155.917 6.11112 -31.7942 -15.8943 -159.94 
0.312784 155.967 5.91864 -31.9507 -16.1078 -160.282 
0.333868 156.027 5.71456 -32.07 -16.2982 -160.473 
0.358462 156.095 5.50752 -32.2219 -16.3348 -160.53 
0.395603 156.176 5.31303 -32.4578 -16.2732 -160.613 
0.445509 156.263 5.1301 -32.6983 -16.3546 -160.688 
0.503294 156.35 4.94824 -32.8288 -16.6742 -160.612 
0.573022 156.436 4.77744 -32.9171 -17.0212 -160.528 
0.669248 156.51 4.63544 -33.0741 -17.2034 -160.464 
0.775048 156.574 4.53311 -33.2763 -17.3019 -160.264 
0.879763 156.639 4.46461 -33.4372 -17.4679 -159.948 
0.978599 156.699 4.4097 -33.5649 -17.7318 -159.683 
1.08655 156.735 4.33449 -33.6855 -18.1075 -159.484 
1.20313 156.745 4.26589 -33.7821 -18.5038 -159.206 
1.31348 156.743 4.25546 -33.8248 -18.8171 -158.855 
1.43703 156.732 4.29022 -33.9605 -19.04 -158.563 
1.55466 156.704 4.34107 -34.1746 -19.2392 -158.282 
1.64899 156.665 4.40555 -34.339 -19.4705 -157.966 
1.71691 156.622 4.48375 -34.4686 -19.6671 -157.694 
1.75938 156.584 4.5701 -34.642 -19.762 -157.548 
1.78685 156.566 4.6573 -34.8681 -19.7903 -157.414 
1.8138 156.566 4.74957 -35.1772 -19.8097 -157.219 
1.81507 156.585 4.85292 -35.5295 -19.7782 -157.115 
1.78154 156.622 4.97493 -35.7305 -19.7965 -157.195 
1.74656 156.69 5.10331 -35.763 -20.1193 -157.419 
1.74973 156.797 5.21967 -35.7207 -20.7544 -157.659 
1.81633 156.956 5.32958 -35.8303 -21.3701 -157.853 
1.94283 157.15 5.45831 -36.2821 -21.5574 -158.115 
2.10404 157.347 5.61388 -36.9073 -21.2739 -158.457 
2.29243 157.56 5.78693 -37.4528 -21.0112 -158.801 
2.49908 157.795 5.95967 -37.6967 -21.2973 -158.931 
2.7064 158.002 6.11332 -37.5822 -22.2289 -158.711 
2.92492 158.163 6.2542 -37.4766 -23.3957 -158.516 
3.17925 158.293 6.39137 -37.6727 -24.1757 -158.622 
3.4679 158.4 6.52655 -38.1031 -24.3981 -158.912 
3.76041 158.493 6.67034 -38.3681 -24.4611 -158.999 
4.03437 158.579 6.82649 -38.2427 -24.6365 -158.733 
4.29609 158.656 6.97997 -38.041 -24.8608 -158.514 
4.56389 158.733 7.1241 -38.047 -24.997 -158.697 
4.83251 158.82 7.28262 -38.066 -25.0997 -158.882 
5.119 158.926 7.43725 -37.986 -25.2975 -158.69 
5.4211 159.024 7.57202 -37.9063 -25.4696 -158.326 
5.72934 159.081 7.67577 -37.9646 -25.5551 -158.031 
6.03021 159.111 7.75567 -38.1324 -25.6554 -157.844 
6.33139 159.147 7.82651 -38.3419 -25.9629 -157.78 
6.64632 159.193 7.88779 -38.4158 -26.5874 -157.606 
6.95659 159.223 7.9351 -38.3833 -27.4277 -157.262 
7.2696 159.241 7.9663 -38.3169 -28.3338 -156.908 
7.61046 159.275 7.96208 -38.0051 -29.3884 -156.359 
7.97214 159.291 7.89469 -37.7265 -30.4631 -155.736 
8.34111 159.253 7.778 -37.9598 -31.255 -155.459 
8.71661 159.201 7.67273 -38.492 -31.9482 -155.45 
9.10556 159.208 7.60642 -38.8745 -32.8378 -155.591 
9.51279 159.281 7.53471 -38.9507 -33.7947 -155.794 
9.9275 159.363 7.4183 -38.9791 -34.9472 -156.007 
10.3221 159.42 7.25549 -39.0705 -36.4904 -156.105 
10.7201 159.459 7.06087 -39.0276 -38.216 -155.965 
11.1007 159.492 6.84579 -39.2375 -39.9471 -155.688 
11.4265 159.535 6.61351 -39.5754 -41.5535 -155.226 
11.7071 159.603 6.37908 -39.5946 -42.9133 -154.462 
11.9693 159.682 6.16666 -39.5101 -44.1713 -153.745 
12.2102 159.742 5.96887 -39.67 -45.2654 -153.267 
12.3939 159.788 5.78454 -39.8824 -46.0463 -152.725 
12.5158 159.884 5.61023 -39.9258 -46.5838 -152.013 
12.6088 160.04 5.43746 -39.7329 -47.0473 -151.27 
12.6965 160.205 5.29814 -39.1586 -47.4391 -150.498 
12.7971 160.35 5.23685 -38.1437 -47.5377 -149.472 
12.9335 160.464 5.24729 -37.1067 -47.1298 -148.305 
13.1036 160.518 5.28381 -36.5848 -46.336 -147.534 
13.2814 160.499 5.29395 -36.511 -45.6419 -147.088 
13.4457 160.439 5.27109 -36.4488 -45.3971 -146.441 
13.6079 160.37 5.21309 -36.2519 -45.5359 -145.58 
13.7735 160.299 5.11676 -36.0299 -45.9704 -144.681 
13.934 160.233 4.98333 -35.9946 -46.605 -144.014 
14.1027 160.205 4.81841 -36.2835 -47.2741 -143.691 
14.2642 160.214 4.62206 -36.5717 -47.8887 -143.473 
14.3854 160.234 4.39696 -36.7321 -48.5098 -143.316 
14.4686 160.26 4.14271 -37.0392 -49.1934 -143.492 
14.528 160.284 3.85027 -37.2239 -49.8913 -143.6 
14.5395 160.284 3.53828 -36.7478 -50.5549 -142.982 
14.495 160.253 3.19537 -35.5896 -51.311 -141.637 
14.4064 160.226 2.83971 -34.0786 -52.2897 -139.818 
14.3068 160.193 2.48629 -32.9392 -53.3828 -138.235 
14.2182 160.104 2.14742 -32.7056 -54.4617 -137.641 
14.1236 159.956 1.85915 -33.2867 -55.4822 -138.053 
14.0337 159.793 1.64687 -34.2293 -56.2733 -138.924 
13.9922 159.653 1.4997 -35.108 -56.8906 -139.721 
13.9824 159.518 1.40527 -35.5999 -57.7327 -140.048 
13.954 159.386 1.37587 -35.5258 -59.2337 -139.543 
13.8828 159.239 1.40665 -35.0861 -61.3506 -138.188 
13.7532 159.052 1.49463 -34.8918 -63.479 -136.785 
13.5939 158.791 1.60514 -35.6673 -64.8571 -136.676 
13.4673 158.458 1.69059 -37.6408 -65.0931 -138.4 
13.3877 158.102 1.75988 -40.3558 -64.7214 -141.131 
13.2959 157.797 1.85929 -42.8866 -64.6081 -143.437 
13.1512 157.587 1.99853 -44.1162 -64.9782 -144.261 
13.0025 157.434 2.12984 -44.1311 -65.5236 -144.325 
12.9003 157.269 2.17916 -44.6852 -65.7209 -145.504 
12.8132 157.086 2.13987 -46.8236 -65.3736 -148.245 
12.727 156.897 2.03692 -49.9124 -65.001 -151.646 
12.6637 156.723 1.9017 -53.1819 -65.0966 -154.962 
12.6387 156.589 1.76459 -56.4323 -65.829 -157.871 
12.6504 156.489 1.65292 -60.2388 -67.0393 -160.691 
12.6665 156.41 1.57179 -65.1547 -68.3209 -163.857 
12.7056 156.337 1.50247 -70.97 -69.3774 -167.571 
12.7635 156.244 1.43167 -77.185 -70.1976 -171.88 
12.8754 156.127 1.35855 -82.7703 -70.9107 -175.903 
13.005 156.007 1.2678 -87.4678 -71.4923 -179.427 
13.1421 155.884 1.1457 -91.6798 -71.6581 177.257 
13.3012 155.764 1.00996 -95.4969 -71.4894 174.278 
13.466 155.664 0.899722 -99.2185 -71.6353 171.469 
13.6179 155.605 0.867633 -102.375 -72.305 169.205 
13.7515 155.602 0.90666 -103.536 -73.185 168.559 
13.8541 155.633 0.986174 -101.61 -74.0265 170.498 
13.9418 155.674 1.08591 -97.1145 -74.578 174.752 
13.9961 155.708 1.20504 -92.0923 -74.7121 179.434 
13.9992 155.73 1.33098 -88.3698 -74.5096 -177.265 
13.9673 155.748 1.43434 -85.4785 -74.2592 -174.791 
13.901 155.788 1.50471 -82.5193 -74.3506 -172.139 
13.8003 155.85 1.56515 -78.6249 -74.8278 -168.497 
13.7159 155.893 1.64885 -73.3235 -75.4452 -163.495 
13.6492 155.897 1.74033 -67.1279 -75.8412 -157.759 
13.5649 155.864 1.81703 -61.3517 -75.8626 -152.684 
13.4522 155.774 1.89495 -57.7488 -75.7188 -149.693 
13.319 155.651 1.98392 -57.3943 -75.5869 -149.878 
13.1599 155.521 2.07986 -58.7122 -75.287 -151.831 
12.9838 155.389 2.15824 -59.6407 -74.871 -153.444 
12.7707 155.26 2.19822 -60.0052 -74.5622 -154.492 
12.5207 155.138 2.2093 -60.8098 -74.3499 -156.112 
12.2747 155.035 2.17219 -61.8781 -74.0886 -158.116 
12.0573 154.961 2.07453 -62.7957 -74.0139 -159.92 
11.9568 154.932 2.00339 -63.1745 -74.0936 -160.691 
