-1.05224 158.296 0.162767 -34.7831 -70.2856 -142.549 
-0.823689 158.161 0.594579 -32.6989 -69.8111 -140.508 
-0.612212 158.007 1.03311 -31.1759 -69.2296 -139.148 
-0.441243 157.849 1.46355 -30.037 -68.7172 -138.277 
-0.339408 157.691 1.88293 -28.6282 -68.3098 -137.181 
-0.284211 157.52 2.31196 -27.7886 -67.7114 -136.618 
-0.276496 157.366 2.71692 -27.8881 -66.883 -136.944 
-0.276756 157.255 3.04897 -28.3177 -66.2048 -137.546 
-0.288554 157.153 3.33403 -28.8424 -65.7519 -138.239 
-0.342405 157.048 3.60317 -29.4665 -65.3138 -139.037 
-0.399148 156.951 3.86625 -30.122 -64.8561 -139.837 
-0.462347 156.877 4.06211 -30.8567 -64.6773 -140.755 
-0.554592 156.81 4.23717 -31.8038 -64.7199 -141.894 
-0.658905 156.728 4.47394 -33.2001 -64.601 -143.381 
-0.757542 156.656 4.73191 -34.9793 -64.1635 -145.194 
-0.858913 156.591 5.00586 -36.4538 -63.6311 -146.732 
-0.963995 156.492 5.31672 -37.0147 -63.3007 -147.375 
-1.06767 156.35 5.64304 -36.9272 -63.0586 -147.403 
-1.16051 156.197 5.92898 -37.0776 -62.5914 -147.683 
-1.2321 156.056 6.15351 -37.6957 -61.9578 -148.384 
-1.31108 155.953 6.32418 -38.1725 -61.4928 -148.929 
-1.41816 155.884 6.43261 -38.3865 -61.1329 -149.279 
-1.54078 155.825 6.47729 -38.4612 -60.8138 -149.497 
-1.66086 155.767 6.45889 -38.5628 -60.5871 -149.706 
-1.75086 155.733 6.35978 -38.8377 -60.4738 -150.078 
-1.80192 155.748 6.1642 -39.2046 -60.5429 -150.516 
-1.83582 155.787 5.91003 -39.804 -60.5972 -151.121 
-1.85759 155.826 5.63737 -40.7599 -60.521 -152.08 
-1.87228 155.89 5.32056 -41.639 -60.6532 -153.012 
-1.90857 155.992 4.93637 -42.1802 -61.1343 -153.72 
-1.94656 156.12 4.50972 -42.8609 -61.6035 -154.645 
-1.97738 156.26 4.07654 -43.9199 -61.8064 -155.889 
-2.00612 156.399 3.64889 -45.0214 -61.9211 -157.107 
-2.04297 156.538 3.22212 -45.935 -62.2107 -158.18 
-2.08635 156.673 2.79816 -47.0228 -62.5285 -159.486 
-2.13166 156.79 2.40819 -48.6561 -62.6197 -161.337 
-2.17207 156.884 2.0661 -50.5923 -62.6869 -163.462 
-2.22723 156.958 1.7773 -52.2219 -62.8637 -165.315 
-2.30128 157.01 1.54039 -53.2396 -62.9269 -166.64 
-2.38272 157.041 1.34656 -53.8899 -62.8856 -167.595 
-2.47129 157.052 1.2024 -54.6119 -62.8484 -168.598 
-2.55869 157.042 1.10373 -55.2755 -62.6602 -169.521 
-2.64352 157.005 1.0437 -55.5847 -62.3353 -170.058 
-2.72134 156.953 1.00349 -55.7625 -62.136 -170.411 
-2.79137 156.895 0.983128 -56.3803 -61.8771 -171.187 
-2.86173 156.838 0.983854 -57.2572 -61.346 -172.195 
-2.93618 156.778 0.997568 -57.6981 -60.7508 -172.713 
-3.00687 156.716 1.01513 -57.7751 -60.3056 -172.849 
-3.07847 156.656 1.02509 -58.0452 -59.9924 -173.238 
-3.17963 156.595 1.02434 -58.6122 -59.73 -174.026 
-3.29382 156.529 1.02253 -59.1204 -59.3907 -174.791 
-3.41021 156.468 1.01934 -59.404 -58.9776 -175.361 
-3.52485 156.423 1.00087 -59.6439 -58.6542 -175.915 
-3.6405 156.38 0.979258 -59.9082 -58.4568 -176.385 
-3.77606 156.321 0.998957 -60.5656 -58.0924 -177.182 
-3.90583 156.245 1.06595 -61.2645 -57.4021 -178.074 
-3.98246 156.15 1.15511 -61.3478 -56.8277 -178.312 
-3.99742 156.027 1.28041 -61.4924 -56.5158 -178.447 
-3.99736 155.874 1.46519 -61.8198 -55.9365 -178.575 
-4.01013 155.696 1.6984 -61.9968 -54.8999 -178.619 
-4.03442 155.51 1.92878 -61.938 -54.1497 -178.581 
-4.07667 155.332 2.13768 -61.7058 -53.9905 -178.466 
-4.14726 155.163 2.34983 -61.2584 -53.8119 -178.193 
-4.25247 154.996 2.55877 -60.7645 -53.3253 -177.789 
-4.39931 154.822 2.74984 -60.5466 -52.6094 -177.644 
-4.5739 154.635 2.93047 -60.4598 -51.7661 -177.769 
-4.75059 154.452 3.10602 -60.2985 -51.0208 -177.818 
-4.91618 154.29 3.27167 -60.0578 -50.3495 -177.705 
-5.06515 154.167 3.42374 -59.7864 -49.7539 -177.465 
-5.22048 154.074 3.57312 -59.6195 -49.2129 -177.236 
-5.39723 154.005 3.71551 -59.5108 -48.6261 -177.15 
-5.59592 153.958 3.83568 -59.3555 -48.0132 -177.163 
-5.81928 153.916 3.95334 -59.017 -47.4396 -177.087 
-6.06283 153.879 4.07871 -58.5362 -47.0298 -176.889 
-6.30203 153.865 4.19974 -58.1122 -46.6509 -176.695 
-6.52306 153.859 4.31286 -57.926 -46.1339 -176.618 
-6.74244 153.846 4.42722 -57.8384 -45.5946 -176.599 
-6.9638 153.849 4.53654 -57.7144 -45.2117 -176.523 
-7.18704 153.854 4.6359 -57.6213 -44.9039 -176.47 
-7.40516 153.851 4.71415 -57.5964 -44.5325 -176.537 
-7.61709 153.851 4.78052 -57.6021 -44.0384 -176.67 
-7.84132 153.867 4.846 -57.4886 -43.6416 -176.714 
-8.08889 153.9 4.90166 -57.1978 -43.482 -176.676 
-8.35216 153.937 4.94237 -56.8804 -43.3915 -176.658 
-8.61967 153.966 4.96697 -56.6537 -43.1878 -176.66 
-8.87734 153.991 4.97412 -56.5559 -42.8305 -176.776 
-9.10985 154.024 4.95178 -56.5638 -42.5113 -177.042 
-9.31335 154.066 4.90825 -56.6124 -42.3587 -177.353 
-9.49596 154.102 4.87209 -56.6639 -42.2135 -177.635 
-9.65869 154.137 4.84995 -56.7323 -41.9583 -177.866 
-9.7887 154.179 4.83122 -56.8435 -41.6947 -178.077 
-9.88953 154.226 4.82055 -56.9168 -41.5731 -178.235 
-9.97429 154.264 4.84502 -56.9549 -41.5211 -178.369 
-10.0435 154.297 4.89393 -57.1917 -41.3357 -178.617 
-10.0946 154.339 4.91887 -57.7317 -40.9751 -179.003 
-10.1359 154.389 4.92506 -58.2296 -40.7237 -179.314 
-10.1826 154.439 4.92499 -58.4649 -40.6593 -179.455 
-10.2419 154.484 4.92357 -58.6062 -40.5048 -179.527 
-10.3083 154.517 4.92969 -58.7891 -40.2138 -179.628 
-10.3758 154.541 4.93875 -59.02 -39.8521 -179.806 
-10.4566 154.559 4.94752 -59.2783 -39.443 179.952 
-10.5606 154.571 4.95418 -59.5082 -39.1181 179.761 
-10.6789 154.586 4.94343 -59.6506 -38.8508 179.651 
-10.8023 154.606 4.91273 -59.7646 -38.5398 179.537 
-10.9186 154.621 4.88823 -59.9 -38.1683 179.4 
-11.0367 154.633 4.87449 -60.0098 -37.8031 179.282 
-11.1622 154.645 4.86173 -60.0851 -37.4889 179.162 
-11.2896 154.652 4.84246 -60.1358 -37.2327 179.034 
-11.4137 154.664 4.81498 -60.1909 -37.0322 178.923 
-11.5335 154.682 4.77963 -60.3059 -36.7845 178.787 
-11.6406 154.706 4.73148 -60.4857 -36.4696 178.654 
-11.7332 154.738 4.67214 -60.6428 -36.1665 178.579 
-11.8204 154.772 4.61888 -60.7499 -35.8707 178.498 
-11.9061 154.803 4.58079 -60.913 -35.4857 178.387 
-11.9883 154.83 4.5474 -61.0988 -35.0622 178.345 
-12.0699 154.863 4.50366 -61.2357 -34.6825 178.327 
-12.158 154.913 4.43922 -61.3505 -34.3541 178.204 
-12.2688 154.957 4.37256 -61.4069 -34.0686 178.026 
-12.4019 154.978 4.32846 -61.3202 -33.789 177.984 
-12.5473 154.99 4.27687 -61.1992 -33.3633 177.947 
-12.6896 155 4.20191 -61.1821 -32.8218 177.744 
-12.8234 155.009 4.11934 -61.1668 -32.385 177.542 
-12.9603 155.021 4.03862 -61.0211 -32.0821 177.484 
-13.1021 155.042 3.94897 -60.8458 -31.7582 177.461 
-13.2257 155.077 3.84345 -60.768 -31.4624 177.352 
-13.3149 155.123 3.73825 -60.7488 -31.2345 177.193 
-13.3733 155.166 3.65594 -60.7197 -30.8846 177.064 
-13.4109 155.208 3.59822 -60.6529 -30.3763 177.066 
-13.4316 155.26 3.54976 -60.6144 -29.834 177.133 
-13.4346 155.309 3.51482 -60.6346 -29.2112 177.078 
-13.4345 155.354 3.49228 -60.6732 -28.546 176.903 
-13.469 155.408 3.43999 -60.631 -28.2331 176.829 
-13.5503 155.47 3.34505 -60.489 -28.2315 176.772 
-13.6548 155.533 3.23674 -60.3143 -28.0927 176.575 
-13.7667 155.589 3.13356 -60.1043 -27.7835 176.3 
-13.8784 155.632 3.04224 -59.85 -27.4715 176.099 
-13.9633 155.676 2.9791 -59.679 -27.091 176.005 
-14.0358 155.737 2.9379 -59.663 -26.6298 175.9 
-14.1146 155.797 2.91487 -59.574 -26.2163 175.792 
-14.1789 155.847 2.90244 -59.3372 -26.0656 175.694 
-14.2134 155.9 2.90585 -59.2021 -26.1265 175.677 
-14.2398 155.951 2.94287 -59.1642 -26.1219 175.806 
-14.2745 155.996 2.9967 -59.0799 -26.024 175.935 
-14.2984 156.048 3.05355 -58.9998 -25.9633 175.944 
-14.3019 156.11 3.11737 -58.9882 -25.9268 175.968 
-14.2976 156.177 3.19253 -58.9734 -25.8121 176.094 
-14.2913 156.268 3.25062 -59.0134 -25.5587 176.175 
-14.27 156.386 3.26619 -59.1646 -25.2727 176.095 
-14.2321 156.515 3.28812 -59.3928 -25.1698 176.061 
-14.2071 156.655 3.29446 -59.722 -25.2443 176.18 
-14.2025 156.801 3.25422 -59.9735 -25.3249 176.231 
-14.1881 156.955 3.1676 -60.1564 -25.3283 176.007 
-14.1621 157.116 3.0646 -60.3607 -25.1655 175.667 
-14.1327 157.278 2.96204 -60.6327 -24.8207 175.379 
-14.1148 157.443 2.87315 -61.1106 -24.352 175.109 
-14.137 157.595 2.80378 -61.5301 -23.7871 174.847 
-14.1737 157.724 2.74338 -61.5059 -23.3465 174.665 
-14.1695 157.865 2.67297 -61.4012 -23.3338 174.576 
-14.1331 158.03 2.5906 -61.4651 -23.5977 174.524 
-14.1135 158.185 2.50367 -61.5112 -23.8302 174.417 
-14.1182 158.318 2.41205 -61.5535 -23.9422 174.259 
-14.1219 158.443 2.32093 -61.7895 -23.713 174.082 
-14.1082 158.566 2.22484 -62.1559 -23.0677 173.847 
-14.0691 158.689 2.15086 -62.4271 -22.471 173.615 
-14.0093 158.825 2.10665 -62.6209 -22.3392 173.475 
-13.9448 158.972 2.08044 -62.8324 -22.4781 173.436 
-13.8747 159.116 2.06351 -63.0721 -22.4128 173.401 
-13.8003 159.253 2.04335 -63.2966 -22.1083 173.302 
-13.7405 159.387 1.98901 -63.5249 -21.8946 173.157 
-13.7206 159.504 1.90297 -63.6831 -21.8108 172.995 
-13.7272 159.599 1.80622 -63.6132 -21.7541 172.784 
-13.7299 159.706 1.70223 -63.5806 -21.7555 172.522 
-13.7502 159.826 1.59622 -63.7766 -21.7302 172.164 
-13.8111 159.929 1.49261 -63.8745 -21.7136 171.813 
-13.8811 160.008 1.40367 -63.7579 -21.7762 171.567 
-13.9222 160.075 1.35439 -63.6983 -21.6927 171.364 
-13.9295 160.145 1.2861 -63.8006 -21.5474 171.145 
-13.9189 160.214 1.19815 -63.8453 -21.6805 170.979 
-13.8627 160.284 1.12838 -63.8747 -21.8512 170.822 
-13.7736 160.365 1.0858 -64.1033 -21.5928 170.656 
-13.697 160.463 1.04224 -64.4647 -20.947 170.508 
-13.6276 160.58 0.966248 -64.7561 -20.4201 170.397 
-13.5348 160.71 0.863725 -65.1421 -20.3691 170.256 
-13.4535 160.845 0.744278 -65.6354 -20.6477 170.137 
-13.428 160.975 0.575503 -65.9264 -20.8554 169.932 
-13.4325 161.101 0.33886 -65.9577 -20.9197 169.591 
-13.4401 161.225 0.0802938 -66.0452 -20.9078 169.197 
-13.4589 161.341 -0.147047 -66.111 -20.7769 168.919 
-13.485 161.466 -0.363125 -66.0794 -20.8219 168.711 
-13.4895 161.611 -0.585459 -66.1852 -21.0918 168.46 
-13.4727 161.769 -0.767231 -66.5057 -21.0389 168.312 
-13.4592 161.936 -0.904766 -66.9602 -20.518 168.299 
-13.4436 162.105 -1.04672 -67.4139 -20.1434 168.218 
-13.408 162.257 -1.20096 -67.7311 -20.2755 168.036 
-13.3689 162.383 -1.34304 -67.8636 -20.6116 167.881 
-13.3512 162.5 -1.47738 -67.9554 -20.8085 167.767 
-13.3648 162.62 -1.63452 -68.1193 -20.7987 167.588 
-13.4187 162.731 -1.80546 -68.2239 -20.7113 167.4 
-13.4907 162.852 -1.9576 -68.1847 -20.6959 167.241 
-13.5764 162.995 -2.08499 -68.1645 -20.7852 167.114 
-13.6797 163.164 -2.20399 -68.2295 -20.7739 167.075 
-13.79 163.361 -2.33808 -68.3005 -20.6677 167.076 
-13.8929 163.563 -2.52585 -68.3605 -20.7939 166.949 
-13.9832 163.736 -2.75655 -68.2939 -21.1059 166.717 
-14.0612 163.89 -2.97268 -68.1291 -21.3117 166.589 
-14.1534 164.053 -3.14436 -68.1309 -21.3255 166.506 
-14.2702 164.223 -3.30226 -68.1371 -21.321 166.384 
-14.3769 164.402 -3.46279 -68.1435 -21.5237 166.145 
-14.456 164.605 -3.59619 -68.3077 -21.6655 165.94 
-14.5329 164.811 -3.70112 -68.4775 -21.375 165.89 
-14.6084 165.009 -3.80966 -68.5645 -21.1337 165.818 
-14.6631 165.213 -3.93681 -68.7661 -21.3875 165.683 
-14.7062 165.428 -4.05451 -69.0286 -21.4705 165.58 
-14.7511 165.637 -4.16796 -69.0728 -21.1347 165.441 
-14.7932 165.854 -4.30556 -69.0684 -21.2134 165.189 
-14.8427 166.084 -4.44945 -69.27 -21.637 164.982 
-14.9121 166.299 -4.55829 -69.3625 -21.5135 164.827 
-14.9805 166.503 -4.66419 -69.2519 -21.2409 164.633 
-15.0219 166.722 -4.7818 -69.298 -21.4406 164.391 
-15.0366 166.944 -4.87204 -69.5122 -21.4628 164.217 
-15.0459 167.16 -4.91372 -69.6976 -20.9485 164.22 
-15.0529 167.381 -4.93988 -69.8731 -20.4888 164.295 
-15.0215 167.6 -4.99561 -70.1383 -20.4161 164.246 
-14.9318 167.792 -5.06787 -70.3902 -20.4361 164.074 
-14.8147 167.956 -5.13564 -70.5359 -20.5108 163.95 
-14.7096 168.121 -5.21183 -70.7027 -20.8998 163.908 
-14.6249 168.297 -5.30616 -70.9364 -21.1961 163.874 
-14.5504 168.483 -5.42381 -71.1832 -20.8657 163.836 
-14.469 168.676 -5.56824 -71.4257 -20.2834 163.738 
-14.372 168.873 -5.73992 -71.7582 -20.2715 163.593 
-14.2846 169.047 -5.91928 -72.1194 -20.7421 163.395 
-14.2307 169.191 -6.08405 -72.2412 -20.9299 163.157 
-14.2071 169.339 -6.25489 -72.1969 -20.7882 162.965 
-14.2144 169.507 -6.45167 -72.2517 -20.7489 162.835 
-14.2572 169.668 -6.65592 -72.2281 -20.801 162.672 
-14.2774 169.828 -6.87577 -72.1916 -20.9141 162.455 
-14.2594 169.997 -7.10496 -72.3441 -20.9096 162.289 
-14.2057 170.164 -7.30803 -72.48 -20.5899 162.245 
-14.1211 170.319 -7.49495 -72.586 -20.4094 162.16 
-14.0318 170.47 -7.69943 -72.8887 -20.6506 162.019 
-13.9541 170.618 -7.92006 -73.1969 -20.8328 161.915 
-13.8866 170.757 -8.13362 -73.2781 -20.6261 161.775 
-13.8157 170.903 -8.34262 -73.2936 -20.5596 161.627 
-13.7406 171.052 -8.57012 -73.3495 -20.9938 161.457 
-13.6522 171.198 -8.81942 -73.4414 -21.5711 161.206 
-13.5675 171.355 -9.10168 -73.6622 -21.8401 160.969 
-13.4904 171.524 -9.39873 -73.8735 -21.6305 160.851 
-13.3943 171.691 -9.71338 -74.0134 -21.3272 160.651 
-13.2658 171.85 -10.0285 -74.2089 -21.2888 160.33 
-13.1319 172.002 -10.3172 -74.4454 -21.4007 160.099 
-13.0458 172.158 -10.5795 -74.6293 -21.3463 159.985 
-13.0195 172.341 -10.8112 -74.6939 -20.9889 159.917 
-13.0324 172.557 -11.0139 -74.7116 -20.5889 159.909 
-13.0282 172.782 -11.1858 -74.8138 -20.3605 159.888 
-12.9693 172.973 -11.3241 -75.0245 -20.3243 159.817 
-12.8636 173.105 -11.446 -75.2372 -20.5251 159.726 
-12.7607 173.196 -11.5879 -75.3763 -20.8229 159.571 
-12.6984 173.276 -11.7461 -75.4842 -20.7725 159.282 
-12.6685 173.375 -11.9088 -75.5125 -20.434 159 
-12.6531 173.506 -12.0957 -75.5781 -20.2975 158.881 
-12.6248 173.667 -12.283 -75.7339 -20.1339 158.853 
-12.5568 173.848 -12.4533 -75.8108 -19.8045 158.84 
-12.442 174.043 -12.6449 -76.0321 -19.873 158.651 
-12.3167 174.239 -12.8594 -76.5553 -20.1968 158.312 
-12.2122 174.424 -13.0634 -76.9445 -19.9713 158.112 
-12.1054 174.603 -13.247 -77.0147 -19.4351 158.097 
-11.9957 174.783 -13.4291 -77.2251 -19.3269 158.05 
-11.8934 174.952 -13.5931 -77.5876 -19.5502 157.914 
-11.7857 175.094 -13.747 -77.7272 -19.7538 157.75 
-11.661 175.218 -13.9133 -77.8102 -20.0111 157.537 
-11.5445 175.343 -14.0609 -78.0419 -20.2814 157.324 
-11.4736 175.459 -14.1916 -78.1578 -20.2719 157.179 
-11.4026 175.578 -14.3444 -78.1834 -20.1169 157.044 
-11.3146 175.71 -14.4961 -78.3785 -20.0472 156.855 
-11.203 175.832 -14.616 -78.5785 -19.97 156.715 
-11.0387 175.947 -14.6995 -78.6962 -19.9721 156.664 
-10.8475 176.071 -14.7783 -78.9941 -20.1775 156.647 
-10.6812 176.202 -14.8462 -79.3726 -20.2684 156.576 
-10.5774 176.33 -14.9143 -79.5419 -20.1596 156.436 
-10.5178 176.461 -15.0061 -79.5958 -20.1215 156.32 
-10.4586 176.596 -15.1058 -79.7 -20.103 156.184 
-10.3847 176.741 -15.1995 -79.8693 -20.0511 156.063 
-10.2884 176.912 -15.2846 -80.2567 -20.1281 155.947 
-10.2028 177.092 -15.3678 -80.7693 -20.2652 155.868 
-10.1371 177.262 -15.4487 -81.0572 -20.2009 155.726 
-10.0781 177.423 -15.5196 -81.204 -20.1629 155.491 
-10.0226 177.584 -15.5454 -81.3828 -20.2376 155.202 
-10.0226 177.73 -15.5501 -81.4366 -20.3549 155.087 
-10.0747 177.881 -15.5665 -81.4327 -20.4399 154.957 
-10.1451 178.054 -15.5923 -81.5047 -20.4994 154.859 
-10.2208 178.24 -15.6152 -81.6595 -20.2357 154.866 
-10.2838 178.429 -15.6246 -81.7149 -19.6577 155.024 
-10.3171 178.632 -15.6339 -81.9205 -19.2104 155.079 
-10.339 178.839 -15.6386 -82.4547 -19.0468 154.951 
-10.3736 179.027 -15.6278 -82.9517 -19.0176 154.717 
-10.4198 179.196 -15.615 -83.1962 -19.1097 154.428 
-10.4623 179.361 -15.6066 -83.4363 -19.3463 154.051 
-10.5141 179.514 -15.5952 -83.7965 -19.5003 153.592 
-10.5994 179.654 -15.5705 -84.0476 -19.4747 153.218 
-10.6991 179.808 -15.5451 -84.2224 -19.4704 152.955 
-10.8109 179.968 -15.5152 -84.502 -19.4115 152.618 
-10.9284 180.123 -15.4502 -84.7125 -19.0105 152.277 
-11.0366 180.276 -15.3611 -84.8786 -18.4042 152.046 
-11.1413 180.431 -15.2898 -85.3557 -18.0312 151.806 
-11.2461 180.583 -15.2449 -86.0244 -18.0429 151.539 
-11.3406 180.75 -15.2002 -86.5602 -18.0182 151.176 
-11.4306 180.931 -15.1494 -86.9824 -17.7216 150.768 
-11.5204 181.109 -15.1101 -87.4039 -17.4023 150.352 
-11.6044 181.272 -15.0994 -87.8611 -17.2148 149.972 
-11.6781 181.426 -15.1123 -88.3292 -17.0365 149.658 
-11.7483 181.573 -15.151 -88.8645 -16.7615 149.304 
-11.8261 181.711 -15.2098 -89.5154 -16.3582 148.844 
-11.9004 181.843 -15.2719 -90.1851 -15.8989 148.323 
-11.9861 181.973 -15.3147 -90.8035 -15.4839 147.796 
-12.1021 182.106 -15.3421 -91.3566 -15.1834 147.343 
-12.2325 182.247 -15.3573 -91.7602 -14.9127 146.98 
-12.3701 182.39 -15.3541 -92.0029 -14.6814 146.702 
-12.5117 182.514 -15.3526 -92.1481 -14.5931 146.456 
-12.6465 182.61 -15.376 -92.2381 -14.5904 146.065 
-12.7729 182.69 -15.4338 -92.5091 -14.6519 145.472 
-12.9165 182.773 -15.4857 -92.8746 -14.5173 144.954 
-13.0829 182.847 -15.5159 -93.0189 -14.0153 144.699 
-13.2447 182.911 -15.5263 -93.0386 -13.4574 144.537 
-13.4043 182.973 -15.5369 -93.2557 -13.1716 144.361 
-13.5769 183.03 -15.5497 -93.5506 -13.0119 144.174 
-13.7579 183.087 -15.5811 -93.7826 -12.8794 143.93 
-13.9545 183.149 -15.6198 -93.9866 -12.8396 143.624 
-14.1743 183.211 -15.6692 -94.1774 -12.8858 143.261 
-14.4144 183.273 -15.7313 -94.4151 -12.8767 142.898 
-14.6743 183.33 -15.7917 -94.6946 -12.669 142.557 
-14.9447 183.378 -15.8489 -94.853 -12.4572 142.23 
-15.2011 183.422 -15.9024 -94.8572 -12.4308 142.004 
-15.4634 183.453 -15.9754 -94.8023 -12.2906 141.843 
-15.7451 183.466 -16.071 -94.8228 -11.9285 141.63 
-16.0246 183.462 -16.1827 -94.968 -11.6449 141.29 
-16.3053 183.446 -16.3007 -95.2271 -11.457 140.834 
-16.6039 183.422 -16.4131 -95.5774 -11.1442 140.329 
-16.9078 183.399 -16.4879 -95.8678 -10.7256 139.85 
-17.2131 183.374 -16.5042 -95.9885 -10.409 139.48 
-17.5185 183.338 -16.492 -96.1264 -10.393 139.118 
-17.8215 183.289 -16.4935 -96.3333 -10.5238 138.725 
-18.1279 183.239 -16.5046 -96.4847 -10.5004 138.402 
-18.4444 183.198 -16.5246 -96.5966 -10.3245 138.219 
-18.7673 183.169 -16.5649 -96.7426 -10.1883 138.064 
-19.0971 183.147 -16.6255 -96.952 -10.1252 137.83 
-19.4548 183.12 -16.6847 -97.2396 -9.78124 137.392 
-19.8596 183.065 -16.7404 -97.641 -9.20907 136.783 
-20.3026 182.999 -16.7951 -98.037 -8.67876 136.145 
-20.7984 182.938 -16.855 -98.3085 -8.11311 135.581 
-21.3905 182.852 -16.9235 -98.5088 -7.36657 135.092 
-22.0947 182.738 -16.9992 -98.6905 -6.60362 134.677 
-22.9117 182.611 -17.0654 -98.7394 -6.0087 134.27 
-23.8287 182.492 -17.0966 -98.4404 -5.74212 133.878 
-24.825 182.368 -17.0884 -97.825 -5.74412 133.382 
-25.8785 182.222 -17.0432 -97.1448 -5.86425 132.914 
-26.9772 182.059 -16.948 -96.4152 -6.05032 132.571 
-28.0875 181.897 -16.7846 -95.5941 -6.40961 132.281 
-29.1613 181.749 -16.567 -94.7863 -6.94439 131.978 
-30.1578 181.642 -16.3101 -93.9867 -7.55237 131.642 
-31.001 181.593 -16.0138 -93.1167 -8.16956 131.444 
-31.5813 181.591 -15.6834 -92.2269 -8.75077 131.323 
-31.8434 181.624 -15.3471 -91.3779 -9.60835 131.244 
-31.7914 181.716 -15.0112 -90.807 -10.7575 131.369 
-31.4346 181.881 -14.6554 -90.5347 -11.6115 131.792 
-30.7732 182.129 -14.2896 -90.4462 -11.9276 132.504 
-29.8563 182.461 -13.9436 -90.6496 -11.9362 133.225 
-28.7524 182.853 -13.6319 -91.2084 -11.9729 133.795 
-27.5092 183.253 -13.3546 -92.0964 -12.074 134.217 
-26.1946 183.606 -13.0988 -93.3405 -11.8703 134.537 
-24.928 183.9 -12.8828 -94.8259 -11.2236 134.847 
-23.8237 184.142 -12.7274 -96.4188 -10.309 134.985 
-22.9383 184.328 -12.6313 -98.0758 -9.33924 134.809 
-22.3087 184.449 -12.5944 -99.9264 -8.46349 134.548 
-21.972 184.502 -12.6262 -101.784 -7.44686 134.557 
-21.9021 184.506 -12.7172 -102.757 -6.12401 134.626 
-22.0309 184.445 -12.8565 -102.737 -4.96643 134.356 
-22.3034 184.29 -13.0437 -102.35 -4.54249 133.581 
-22.6784 184.061 -13.2087 -101.751 -4.69573 132.425 
-23.1258 183.809 -13.2887 -100.635 -5.16034 131.396 
-23.5827 183.59 -13.2917 -99.0093 -5.99683 131.054 
-23.9805 183.449 -13.2253 -97.2953 -7.13725 131.292 
-24.2319 183.406 -13.1173 -95.889 -8.37749 131.772 
-24.2722 183.461 -13.0281 -95.0948 -9.41805 132.071 
-24.0814 183.589 -13.0077 -95.0206 -10.0147 132.024 
-23.7024 183.751 -13.0756 -95.4914 -10.1006 131.843 
-23.2395 183.9 -13.2376 -96.4153 -9.79966 131.576 
-22.8129 183.977 -13.4888 -97.5589 -9.11957 131.071 
-22.4916 183.95 -13.7938 -98.3473 -8.09619 130.374 
-22.2643 183.849 -14.1201 -98.687 -7.36389 129.676 
-22.1009 183.725 -14.4225 -98.8852 -7.30899 129.103 
-22.0051 183.609 -14.6837 -98.8821 -7.58968 128.635 
-21.9855 183.507 -14.9165 -98.6254 -7.97575 128.229 
-22.0195 183.423 -15.1056 -98.3719 -8.32373 127.884 
-22.0983 183.363 -15.209 -98.1268 -8.36633 127.626 
-22.2138 183.316 -15.2291 -97.6962 -8.33133 127.671 
-22.3345 183.277 -15.1979 -97.2499 -8.6361 127.963 
-22.4211 183.239 -15.1202 -96.969 -9.04907 128.104 
-22.4387 183.215 -15.0184 -96.6294 -9.45207 128.164 
-22.3687 183.214 -14.9445 -96.2486 -10.1142 128.348 
-22.2301 183.233 -14.8994 -96.0312 -10.7376 128.501 
-22.0602 183.259 -14.8715 -95.8776 -10.9285 128.593 
-21.9046 183.284 -14.8467 -95.7638 -10.799 128.834 
-21.8009 183.298 -14.8441 -95.7512 -10.5017 129.103 
-21.7476 183.292 -14.8703 -95.7191 -10.1027 129.226 
-21.7153 183.272 -14.905 -95.5647 -9.82166 129.25 
-21.6665 183.255 -14.9519 -95.4507 -9.95494 129.133 
-21.5722 183.241 -15.0248 -95.5564 -10.4395 128.87 
-21.4357 183.218 -15.0895 -95.7148 -10.7036 128.682 
-21.3139 183.175 -15.1129 -95.7771 -10.4699 128.706 
-21.2606 183.113 -15.1155 -95.7504 -10.0897 128.793 
-21.2793 183.05 -15.1168 -95.6352 -9.88918 128.857 
-21.3319 182.991 -15.0981 -95.4851 -9.88182 128.941 
-21.3844 182.954 -15.0299 -95.2959 -9.99674 129.025 
-21.3983 182.93 -14.9723 -95.1189 -10.3436 129.027 
-21.3533 182.912 -14.9635 -95.1346 -10.8599 128.91 
-21.2645 182.907 -14.9743 -95.2688 -11.0804 128.795 
-21.1876 182.895 -14.9724 -95.3306 -10.867 128.833 
-21.1672 182.879 -14.9513 -95.2945 -10.5564 128.89 
-21.2073 182.862 -14.9092 -95.2072 -10.4476 128.866 
-21.2676 182.849 -14.8416 -95.0496 -10.5826 128.829 
-21.2931 182.834 -14.7725 -94.8845 -10.9273 128.893 
-21.2602 182.809 -14.7205 -94.825 -11.3289 128.931 
-21.1998 182.778 -14.6632 -94.8214 -11.51 128.8 
-21.1611 182.739 -14.58 -94.7395 -11.5149 128.755 
-21.1746 182.693 -14.4786 -94.594 -11.5463 128.923 
-21.2402 182.647 -14.3566 -94.3917 -11.685 129.161 
-21.3266 182.611 -14.215 -94.0518 -11.8689 129.364 
-21.3846 182.588 -14.0705 -93.694 -12.2026 129.571 
-21.3818 182.579 -13.9351 -93.487 -12.6254 129.931 
-21.3289 182.588 -13.8129 -93.3313 -12.8239 130.324 
-21.2566 182.594 -13.7176 -93.1862 -12.7987 130.633 
-21.2046 182.579 -13.6557 -93.1359 -12.7091 130.741 
-21.193 182.555 -13.6038 -93.1103 -12.5971 130.747 
-21.2111 182.547 -13.5291 -92.9766 -12.5341 130.814 
-21.2252 182.562 -13.4463 -92.8214 -12.7428 131.012 
-21.1972 182.6 -13.3773 -92.6667 -13.2037 131.217 
-21.1279 182.649 -13.3139 -92.49 -13.5137 131.287 
-21.0506 182.677 -13.2349 -92.3784 -13.5107 131.383 
-21.0099 182.679 -13.1476 -92.2458 -13.4341 131.619 
-21.0241 182.67 -13.08 -92.0314 -13.535 131.81 
-21.0549 182.658 -13.0309 -91.8745 -13.734 131.885 
-21.0516 182.649 -12.9747 -91.7435 -13.81 132.012 
-20.9878 182.657 -12.9024 -91.6234 -13.7645 132.289 
-20.8822 182.673 -12.8119 -91.6384 -13.6687 132.564 
-20.7822 182.687 -12.7266 -91.7153 -13.5942 132.686 
-20.7252 182.698 -12.6567 -91.7406 -13.6535 132.782 
-20.7177 182.707 -12.5853 -91.6483 -13.7789 132.953 
-20.7561 182.715 -12.4923 -91.322 -13.9177 133.2 
-20.8056 182.716 -12.3923 -90.8506 -14.1946 133.501 
-20.8216 182.719 -12.311 -90.4586 -14.6133 133.813 
-20.788 182.726 -12.2499 -90.2025 -14.9376 134.044 
-20.7152 182.725 -12.2104 -90.0453 -15.0176 134.124 
-20.6368 182.708 -12.1888 -90.0115 -14.9522 134.071 
-20.5793 182.677 -12.1739 -89.9997 -14.8715 134.056 
-20.5419 182.64 -12.1503 -89.8567 -14.7924 134.179 
-20.4892 182.61 -12.1102 -89.7252 -14.7928 134.355 
-20.3843 182.597 -12.0605 -89.719 -15.0561 134.558 
-20.2372 182.61 -12.0041 -89.7709 -15.4651 134.745 
-20.0868 182.627 -11.9376 -89.8217 -15.6934 134.951 
-19.9743 182.63 -11.8491 -89.779 -15.5921 135.23 
-19.9113 182.626 -11.7574 -89.5497 -15.5325 135.555 
-19.8705 182.625 -11.6827 -89.2973 -15.776 135.819 
-19.8135 182.635 -11.6152 -89.1319 -16.0586 135.976 
-19.742 182.651 -11.5524 -88.9808 -16.2691 136.194 
-19.6454 182.669 -11.4924 -88.9421 -16.4244 136.5 
-19.5465 182.684 -11.4363 -88.9825 -16.4092 136.747 
-19.4565 182.698 -11.3867 -88.9292 -16.268 136.971 
-19.3647 182.718 -11.3428 -88.821 -16.1368 137.212 
-19.2773 182.739 -11.3022 -88.7718 -16.1178 137.49 
-19.2166 182.748 -11.277 -88.6772 -16.2427 137.746 
-19.1871 182.741 -11.2746 -88.4901 -16.4522 137.862 
-19.1813 182.728 -11.2764 -88.2766 -16.6558 137.887 
-19.1777 182.722 -11.2743 -88.0291 -16.7944 137.942 
-19.1546 182.725 -11.2602 -87.805 -16.9228 138.068 
-19.1358 182.722 -11.2341 -87.6927 -17.0252 138.189 
-19.1352 182.708 -11.206 -87.4996 -17.1282 138.31 
-19.1555 182.697 -11.1739 -87.1168 -17.3752 138.431 
-19.1793 182.687 -11.1495 -86.7452 -17.725 138.599 
-19.1773 182.674 -11.091 -86.4253 -17.9635 138.908 
-19.1247 182.666 -11.0153 -86.163 -18.0617 139.243 
-19.0263 182.67 -10.9444 -86.0181 -18.1343 139.486 
-18.9 182.677 -10.8731 -85.9859 -18.2692 139.695 
-18.754 182.686 -10.8032 -86.0338 -18.3651 139.856 
-18.6028 182.704 -10.7315 -86.0589 -18.3028 140.003 
-18.4462 182.733 -10.6643 -86.0531 -18.2567 140.236 
-18.289 182.769 -10.5991 -86.0618 -18.3103 140.528 
-18.1343 182.81 -10.5173 -86.1121 -18.2918 140.802 
-17.9806 182.846 -10.4403 -86.1692 -18.242 141.102 
-17.8283 182.876 -10.376 -86.2604 -18.3115 141.34 
-17.6767 182.911 -10.3138 -86.2993 -18.4172 141.451 
-17.5384 182.934 -10.2718 -86.1696 -18.481 141.528 
-17.4015 182.946 -10.2668 -86.0146 -18.6372 141.619 
-17.259 182.957 -10.2782 -85.8736 -18.9172 141.769 
-17.1192 182.971 -10.2783 -85.6535 -19.145 142.01 
-16.9985 182.985 -10.2682 -85.4612 -19.2176 142.172 
-16.876 182.997 -10.2821 -85.3527 -19.3006 142.212 
-16.7401 183.012 -10.294 -85.2352 -19.4821 142.313 
-16.5762 183.032 -10.2829 -85.1274 -19.686 142.526 
-16.3882 183.051 -10.2648 -85.12 -19.762 142.674 
-16.1807 183.061 -10.2513 -85.1474 -19.7497 142.75 
-15.9587 183.065 -10.2464 -85.1448 -19.825 142.891 
-15.7239 183.07 -10.2451 -85.1309 -19.9327 143.105 
-15.4658 183.083 -10.2474 -85.1107 -19.9011 143.332 
-15.1985 183.101 -10.2557 -85.1191 -19.7826 143.583 
-14.9202 183.126 -10.2654 -85.1934 -19.7024 143.851 
-14.6403 183.146 -10.2904 -85.3219 -19.7018 144.074 
-14.3575 183.167 -10.3474 -85.4706 -19.7596 144.177 
-14.0808 183.181 -10.432 -85.5574 -19.7998 144.271 
-13.7992 183.188 -10.5247 -85.4657 -19.6944 144.476 
-13.5038 183.194 -10.6264 -85.2648 -19.6447 144.716 
-13.1859 183.208 -10.7304 -85.1326 -19.7311 144.931 
-12.8637 183.229 -10.8155 -85.0098 -19.7483 145.184 
-12.5127 183.254 -10.8907 -84.9421 -19.6899 145.377 
-12.1319 183.276 -10.9866 -84.9459 -19.783 145.44 
-11.7286 183.302 -11.0877 -84.9563 -20.0269 145.509 
-11.3112 183.318 -11.2146 -84.956 -20.1854 145.557 
-10.8772 183.33 -11.3634 -84.9596 -20.1687 145.54 
-10.4227 183.36 -11.4874 -84.9901 -20.0174 145.47 
-9.94206 183.402 -11.6026 -85.1456 -19.9443 145.444 
-9.44458 183.448 -11.6972 -85.406 -19.953 145.556 
-8.94073 183.492 -11.7635 -85.6579 -19.8972 145.713 
-8.43787 183.534 -11.8065 -85.9096 -19.8081 145.838 
-7.9408 183.574 -11.8273 -86.2549 -19.7127 145.991 
-7.46147 183.615 -11.8123 -86.6224 -19.5039 146.273 
-7.01138 183.658 -11.7737 -86.9441 -19.2732 146.743 
-6.61208 183.699 -11.7424 -87.347 -19.1 147.169 
-6.30552 183.737 -11.7432 -87.8631 -19.0136 147.357 
-6.11075 183.763 -11.7742 -88.3846 -19.0547 147.393 
-6.03283 183.77 -11.8061 -88.877 -19.0355 147.412 
-6.10152 183.767 -11.8282 -89.2617 -18.8676 147.555 
-6.32853 183.752 -11.86 -89.4348 -18.7126 147.726 
-6.71263 183.712 -11.9286 -89.3319 -18.6881 147.726 
-7.24076 183.647 -12.0598 -88.9199 -18.9556 147.637 
-7.88286 183.55 -12.2612 -88.2538 -19.5225 147.497 
-8.57439 183.418 -12.5115 -87.2697 -20.0636 147.318 
-9.23282 183.26 -12.7738 -85.9808 -20.2304 147.241 
-9.82024 183.098 -13.0496 -84.7481 -19.9686 147.071 
-10.2981 182.961 -13.3254 -83.9 -19.9608 146.752 
-10.6245 182.845 -13.6065 -83.5017 -20.6232 146.35 
-10.8013 182.739 -13.8573 -83.2935 -21.2452 145.899 
-10.8514 182.656 -14.0282 -82.989 -21.3616 145.585 
-10.7809 182.614 -14.1166 -82.7223 -21.3876 145.504 
-10.5982 182.625 -14.1194 -82.7165 -21.5917 145.561 
-10.3173 182.683 -14.0287 -82.9351 -21.8109 145.759 
-9.95909 182.784 -13.8342 -83.1996 -21.8312 146.188 
-9.56477 182.92 -13.5443 -83.534 -21.8152 146.927 
-9.18039 183.07 -13.2079 -84.0843 -22.0353 147.821 
-8.85562 183.207 -12.8632 -84.6523 -22.3326 148.557 
-8.61985 183.323 -12.5227 -84.9739 -22.5292 149.17 
-8.47732 183.4 -12.2316 -85.1409 -22.6134 149.651 
-8.43053 183.424 -12.0019 -85.2034 -22.6383 149.967 
-8.4762 183.415 -11.8098 -85.0563 -22.7509 150.262 
-8.60633 183.386 -11.6815 -84.7468 -23.0132 150.58 
-8.79113 183.346 -11.6187 -84.318 -23.2588 150.858 
-8.97637 183.301 -11.6201 -83.7761 -23.3921 151.025 
-9.11418 183.268 -11.681 -83.2993 -23.4233 150.946 
-9.17453 183.26 -11.7945 -83.0971 -23.4252 150.622 
-9.164 183.288 -11.9243 -83.0666 -23.4701 150.311 
-9.08285 183.362 -12.0319 -83.0717 -23.4308 150.164 
-8.94103 183.468 -12.1231 -83.1222 -23.3055 150.172 
-8.76429 183.588 -12.1899 -83.2705 -23.2311 150.222 
-8.58718 183.707 -12.2036 -83.5106 -23.3002 150.38 
-8.42766 183.809 -12.1862 -83.7904 -23.3563 150.635 
-8.3074 183.88 -12.1727 -84.0275 -23.204 150.76 
-8.26151 183.898 -12.1729 -84.1283 -23.0754 150.791 
-8.30282 183.865 -12.1936 -84.0206 -23.2366 150.831 
-8.40525 183.789 -12.2416 -83.7411 -23.4994 150.864 
-8.53015 183.681 -12.3243 -83.4171 -23.5886 150.657 
-8.64163 183.584 -12.4149 -83.1321 -23.6853 150.339 
-8.71882 183.521 -12.5121 -82.9688 -23.8481 150.088 
-8.76129 183.499 -12.5915 -82.8974 -23.8512 149.948 
-8.76702 183.513 -12.6314 -82.8531 -23.7093 149.939 
-8.74142 183.561 -12.6424 -82.8679 -23.6517 149.999 
-8.70299 183.623 -12.6568 -83.0004 -23.8752 150.074 
-8.6697 183.656 -12.7008 -83.2124 -24.1831 150.148 
-8.64681 183.639 -12.7781 -83.3701 -24.1294 150.155 
-8.63193 183.594 -12.8814 -83.3926 -23.705 150.016 
-8.62595 183.548 -12.9978 -83.3894 -23.3736 149.77 
-8.62929 183.519 -13.0996 -83.4766 -23.3363 149.495 
-8.64696 183.509 -13.1557 -83.5436 -23.2844 149.351 
-8.69728 183.505 -13.1575 -83.4129 -23.0541 149.507 
-8.78711 183.495 -13.1392 -83.1359 -22.9571 149.745 
-8.89812 183.472 -13.1288 -82.9114 -23.2723 149.795 
-8.99106 183.442 -13.1176 -82.7971 -23.6665 149.721 
-9.04584 183.415 -13.0978 -82.7002 -23.683 149.732 
-9.06317 183.395 -13.0834 -82.6473 -23.4819 149.794 
-9.05516 183.384 -13.0914 -82.7643 -23.4065 149.754 
-9.03718 183.372 -13.0991 -82.9497 -23.3494 149.683 
-9.03606 183.354 -13.0984 -82.9816 -23.1426 149.69 
-9.06367 183.346 -13.0867 -82.8919 -23.0083 149.754 
-9.10593 183.349 -13.0753 -82.8346 -23.0902 149.793 
-9.12602 183.354 -13.0712 -82.8235 -23.2208 149.759 
-9.11053 183.361 -13.0634 -82.8696 -23.3133 149.653 
-9.07223 183.372 -13.0416 -82.9428 -23.4251 149.594 
-9.01825 183.391 -13.0091 -82.9944 -23.4439 149.637 
-8.95358 183.409 -12.9648 -83.0135 -23.1619 149.721 
-8.91066 183.414 -12.903 -83.01 -22.7702 149.859 
-8.91159 183.405 -12.8314 -82.9827 -22.6948 149.999 
-8.94519 183.383 -12.7685 -82.9539 -23.0116 150.064 
-8.97834 183.352 -12.718 -82.8785 -23.3448 150.062 
-9.00083 183.321 -12.6758 -82.756 -23.5094 150.021 
-9.00942 183.292 -12.6441 -82.7069 -23.5724 149.918 
-9.02306 183.265 -12.6162 -82.7195 -23.5246 149.798 
-9.0587 183.255 -12.566 -82.6632 -23.4122 149.788 
-9.12065 183.259 -12.4998 -82.5339 -23.4461 149.834 
-9.18878 183.267 -12.4474 -82.428 -23.8136 149.836 
-9.23179 183.277 -12.4155 -82.3527 -24.3731 149.778 
-9.23622 183.287 -12.3941 -82.3212 -24.7537 149.723 
-9.22295 183.291 -12.3568 -82.3082 -24.7874 149.738 
-9.1869 183.3 -12.2928 -82.3527 -24.6015 149.785 
-9.157 183.312 -12.2145 -82.4265 -24.3 149.88 
-9.16379 183.317 -12.1253 -82.4243 -24.0221 150.054 
-9.1824 183.319 -12.0408 -82.3745 -24.0381 150.196 
-9.1821 183.323 -11.9748 -82.3739 -24.3045 150.241 
-9.15137 183.324 -11.9127 -82.4081 -24.5003 150.288 
-9.11067 183.319 -11.8662 -82.4627 -24.5497 150.305 
-9.08248 183.309 -11.8411 -82.574 -24.5012 150.279 
-9.08328 183.296 -11.7922 -82.5975 -24.3213 150.321 
-9.10859 183.285 -11.7357 -82.4572 -24.2142 150.394 
-9.12961 183.282 -11.7036 -82.3869 -24.4237 150.364 
-9.13877 183.282 -11.6869 -82.4321 -24.7219 150.316 
-9.15222 183.276 -11.6547 -82.4058 -24.8127 150.368 
-9.15031 183.275 -11.6307 -82.3835 -24.7815 150.414 
-9.13775 183.284 -11.6195 -82.4542 -24.7436 150.428 
-9.15081 183.29 -11.5985 -82.5024 -24.6132 150.466 
-9.21825 183.287 -11.5698 -82.3763 -24.5089 150.536 
-9.30682 183.285 -11.5622 -82.1937 -24.7048 150.556 
-9.36831 183.285 -11.5802 -82.0856 -25.0589 150.491 
-9.4078 183.275 -11.6107 -82.02 -25.2375 150.404 
-9.4286 183.255 -11.6435 -81.9929 -25.1812 150.354 
-9.44255 183.241 -11.668 -82.0084 -25.004 150.367 
-9.48125 183.233 -11.6852 -81.9744 -24.8781 150.413 
-9.53344 183.226 -11.7042 -81.9239 -24.9644 150.406 
-9.56999 183.215 -11.7219 -81.917 -25.1434 150.338 
-9.57808 183.21 -11.7257 -81.922 -25.2174 150.319 
-9.57086 183.208 -11.7109 -81.9271 -25.1844 150.34 
-9.55803 183.211 -11.6825 -81.9521 -25.1142 150.38 
-9.5406 183.219 -11.6488 -82.0012 -24.9982 150.455 
-9.54082 183.229 -11.6132 -82.024 -24.8811 150.556 
-9.56371 183.235 -11.5852 -82.0274 -24.8781 150.645 
-9.60926 183.228 -11.5629 -82.009 -24.994 150.717 
-9.65493 183.209 -11.5425 -81.9725 -25.0579 150.722 
-9.67575 183.19 -11.5199 -81.9369 -24.9342 150.672 
-9.68102 183.177 -11.4876 -81.9001 -24.7274 150.675 
-9.69364 183.167 -11.4411 -81.8557 -24.6681 150.783 
-9.7248 183.155 -11.3884 -81.7891 -24.7757 150.916 
-9.76575 183.139 -11.3536 -81.7434 -24.8621 150.952 
-9.80959 183.121 -11.322 -81.7119 -24.8541 150.913 
-9.84542 183.107 -11.2984 -81.694 -24.8505 150.854 
-9.87079 183.097 -11.2853 -81.7074 -24.8745 150.794 
-9.89553 183.085 -11.2718 -81.7055 -24.8587 150.743 
-9.93334 183.072 -11.2539 -81.6453 -24.8784 150.734 
-9.97073 183.056 -11.2439 -81.6176 -25.0305 150.759 
-10.0018 183.047 -11.236 -81.6185 -25.1159 150.786 
-10.0357 183.04 -11.2265 -81.5617 -25.0414 150.791 
-10.0747 183.028 -11.2242 -81.5005 -25.0361 150.78 
-10.1198 183.017 -11.2173 -81.4693 -25.131 150.768 
-10.1643 183.011 -11.2027 -81.4212 -25.207 150.766 
-10.1975 183.01 -11.1983 -81.3839 -25.2171 150.754 
-10.2132 183.017 -11.1937 -81.4111 -25.1922 150.735 
-10.2278 183.034 -11.1807 -81.4392 -25.1701 150.754 
-10.2573 183.058 -11.1732 -81.4291 -25.2026 150.8 
-10.2996 183.084 -11.1669 -81.3979 -25.2684 150.856 
-10.3505 183.106 -11.1673 -81.3396 -25.3479 150.859 
-10.4062 183.123 -11.1784 -81.2781 -25.495 150.81 
-10.4646 183.133 -11.2098 -81.2377 -25.6079 150.776 
-10.5171 183.132 -11.2532 -81.2024 -25.5972 150.737 
-10.5583 183.131 -11.2986 -81.1806 -25.6123 150.651 
-10.5915 183.13 -11.3416 -81.2136 -25.6389 150.542 
-10.629 183.125 -11.3555 -81.2137 -25.5371 150.511 
-10.6665 183.121 -11.3367 -81.1408 -25.4323 150.548 
-10.6959 183.124 -11.3089 -81.0947 -25.4855 150.583 
-10.7114 183.125 -11.2866 -81.1057 -25.559 150.589 
-10.7208 183.116 -11.2671 -81.0929 -25.5184 150.589 
-10.735 183.104 -11.2438 -81.0518 -25.4814 150.579 
-10.7523 183.102 -11.2228 -81.0449 -25.5381 150.583 
-10.7703 183.105 -11.2253 -81.0736 -25.5844 150.588 
-10.7819 183.105 -11.2454 -81.0951 -25.5396 150.567 
-10.7925 183.109 -11.2688 -81.1051 -25.4732 150.517 
-10.8012 183.118 -11.3009 -81.1595 -25.5079 150.474 
-10.8075 183.128 -11.3399 -81.2738 -25.5934 150.469 
-10.8315 183.135 -11.3796 -81.3184 -25.5815 150.488 
-10.8632 183.149 -11.4334 -81.3285 -25.567 150.451 
-10.9035 183.177 -11.4848 -81.3509 -25.6541 150.355 
-10.9578 183.211 -11.5307 -81.3006 -25.7236 150.23 
-11.0111 183.247 -11.5829 -81.2454 -25.7712 150.109 
-11.056 183.282 -11.6529 -81.2497 -25.8191 150.041 
-11.1051 183.311 -11.7291 -81.2447 -25.8436 150.049 
-11.1515 183.338 -11.7939 -81.1999 -25.8312 150.054 
-11.1823 183.373 -11.8471 -81.1623 -25.7556 150.011 
-11.2144 183.417 -11.8863 -81.1481 -25.6358 149.954 
-11.2566 183.457 -11.9225 -81.169 -25.558 149.88 
-11.3081 183.488 -11.9581 -81.1779 -25.5118 149.832 
-11.3662 183.52 -11.9937 -81.1346 -25.5012 149.862 
-11.4228 183.566 -12.0239 -81.091 -25.5835 149.991 
-11.4808 183.616 -12.0535 -81.0494 -25.6748 150.074 
-11.5492 183.664 -12.0952 -81.006 -25.6819 149.98 
-11.6246 183.699 -12.1461 -81.0097 -25.6207 149.811 
-11.6887 183.728 -12.2005 -81.0294 -25.5983 149.734 
-11.7579 183.757 -12.2599 -81.0287 -25.6534 149.762 
-11.8423 183.783 -12.3152 -80.9963 -25.6407 149.805 
-11.9239 183.81 -12.3697 -80.96 -25.5373 149.811 
-12.0042 183.832 -12.4296 -80.9507 -25.5472 149.771 
-12.0718 183.853 -12.484 -80.9642 -25.7086 149.693 
-12.1282 183.872 -12.524 -80.9372 -25.7827 149.605 
-12.1905 183.89 -12.5608 -80.8642 -25.6975 149.514 
-12.265 183.912 -12.615 -80.8415 -25.6534 149.422 
-12.3261 183.946 -12.6816 -80.9286 -25.7098 149.376 
-12.372 183.984 -12.7291 -80.9847 -25.7359 149.415 
-12.4147 184.014 -12.7866 -80.9406 -25.7086 149.417 
-12.4634 184.038 -12.857 -80.9083 -25.752 149.333 
-12.5045 184.055 -12.9233 -80.9373 -25.8139 149.219 
-12.5429 184.069 -12.9788 -80.9448 -25.7762 149.143 
-12.589 184.086 -13.0364 -80.9293 -25.7128 149.075 
-12.6369 184.116 -13.0957 -80.9392 -25.6992 148.969 
-12.6761 184.156 -13.1518 -80.9607 -25.7378 148.928 
-12.708 184.198 -13.2062 -80.9696 -25.8132 148.991 
-12.7381 184.233 -13.269 -80.9935 -25.8807 149.031 
-12.7736 184.258 -13.3393 -81.0108 -25.9106 148.974 
-12.8071 184.28 -13.4152 -81.0259 -25.8863 148.839 
-12.8366 184.297 -13.486 -81.0505 -25.7728 148.716 
-12.858 184.311 -13.5556 -81.0867 -25.6143 148.639 
-12.863 184.326 -13.634 -81.1696 -25.57 148.607 
-12.8564 184.344 -13.7133 -81.3024 -25.6583 148.611 
-12.8465 184.363 -13.766 -81.4384 -25.665 148.613 
-12.8445 184.38 -13.7928 -81.5053 -25.5147 148.615 
-12.8458 184.404 -13.7974 -81.524 -25.3951 148.639 
-12.8283 184.442 -13.8064 -81.6 -25.3945 148.636 
-12.7987 184.477 -13.8209 -81.7034 -25.415 148.642 
-12.7738 184.501 -13.8354 -81.8013 -25.3766 148.669 
-12.745 184.526 -13.8434 -81.9075 -25.255 148.701 
-12.7237 184.553 -13.8325 -81.9565 -25.0273 148.793 
-12.7076 184.585 -13.8082 -81.9898 -24.8318 148.947 
-12.6789 184.621 -13.7912 -82.0921 -24.7962 149.055 
-12.6454 184.66 -13.781 -82.2319 -24.8196 149.069 
-12.6212 184.69 -13.7659 -82.3424 -24.7755 149.091 
-12.6041 184.722 -13.7418 -82.4128 -24.6513 149.154 
-12.5959 184.759 -13.704 -82.4262 -24.517 149.21 
-12.5794 184.797 -13.6677 -82.4613 -24.4723 149.229 
-12.5648 184.825 -13.6321 -82.5666 -24.5736 149.267 
-12.5525 184.843 -13.6013 -82.697 -24.6978 149.364 
-12.526 184.862 -13.5746 -82.7916 -24.7164 149.479 
-12.4922 184.88 -13.5443 -82.8417 -24.6816 149.532 
-12.4519 184.896 -13.5117 -82.9241 -24.6307 149.523 
-12.4102 184.908 -13.4838 -83.0255 -24.5098 149.51 
-12.3738 184.921 -13.4591 -83.1377 -24.4175 149.53 
-12.3412 184.936 -13.4287 -83.2961 -24.4578 149.557 
-12.3118 184.955 -13.3927 -83.4305 -24.4807 149.595 
-12.299 184.969 -13.3515 -83.4615 -24.3882 149.669 
-12.2921 184.981 -13.3099 -83.4897 -24.3426 149.728 
-12.2805 184.995 -13.2708 -83.5684 -24.3734 149.727 
-12.2698 185.001 -13.2259 -83.652 -24.3564 149.734 
-12.2602 184.997 -13.1728 -83.7537 -24.2619 149.796 
-12.2514 184.991 -13.1146 -83.8525 -24.1384 149.845 
-12.2475 184.99 -13.0504 -83.9197 -24.0162 149.821 
-12.2499 184.986 -12.9835 -83.9892 -23.922 149.781 
-12.2535 184.973 -12.9157 -84.0738 -23.8271 149.748 
-12.2554 184.959 -12.847 -84.1552 -23.7365 149.753 
-12.2701 184.934 -12.7733 -84.2176 -23.6755 149.805 
-12.2796 184.911 -12.687 -84.2661 -23.6243 149.882 
-12.284 184.893 -12.5983 -84.3296 -23.5408 149.916 
-12.2809 184.878 -12.5256 -84.4826 -23.4554 149.929 
-12.2785 184.855 -12.4683 -84.656 -23.4196 150.014 
-12.2864 184.83 -12.3939 -84.7443 -23.3949 150.193 
-12.3096 184.799 -12.3261 -84.7911 -23.2538 150.241 
-12.3454 184.77 -12.2499 -84.8458 -22.9809 150.113 
-12.3841 184.744 -12.151 -84.8633 -22.7885 150.042 
-12.402 184.716 -12.0725 -84.9458 -22.8438 150.056 
-12.4239 184.681 -12.0138 -85.1168 -23.0221 150.134 
-12.4437 184.645 -11.9518 -85.2917 -23.0562 150.308 
-12.4593 184.611 -11.8788 -85.3978 -22.845 150.473 
-12.4617 184.572 -11.8119 -85.5155 -22.5305 150.48 
-12.4614 184.534 -11.7599 -85.743 -22.3547 150.336 
-12.4601 184.491 -11.7322 -86.0577 -22.4188 150.179 
-12.4507 184.444 -11.7055 -86.3676 -22.5493 150.149 
-12.438 184.387 -11.6582 -86.6382 -22.5058 150.169 
-12.427 184.328 -11.5864 -86.8594 -22.2632 150.183 
-12.4029 184.271 -11.501 -87.0512 -21.945 150.256 
-12.3581 184.218 -11.4212 -87.2751 -21.6469 150.369 
-12.2996 184.172 -11.3497 -87.5764 -21.4633 150.409 
-12.2461 184.131 -11.2853 -87.9327 -21.4768 150.431 
-12.2008 184.088 -11.2204 -88.2992 -21.5057 150.512 
-12.1659 184.034 -11.1379 -88.5273 -21.3125 150.561 
-12.1526 183.976 -11.0419 -88.5975 -21.0252 150.518 
-12.1612 183.924 -10.9522 -88.6164 -20.9156 150.431 
-12.1761 183.868 -10.8837 -88.6814 -21.0524 150.349 
-12.2045 183.808 -10.8283 -88.7892 -21.2896 150.293 
-12.2523 183.756 -10.7732 -88.8472 -21.4187 150.253 
-12.3155 183.711 -10.7292 -88.8242 -21.4777 150.223 
-12.3858 183.664 -10.7088 -88.7776 -21.5818 150.172 
-12.4573 183.603 -10.7089 -88.763 -21.6927 150.121 
-12.5208 183.529 -10.7241 -88.7897 -21.6685 150.086 
-12.5818 183.443 -10.7418 -88.7655 -21.4589 150.071 
-12.6515 183.351 -10.7408 -88.6398 -21.2716 150.086 
-12.7187 183.258 -10.7392 -88.5529 -21.2811 150.105 
-12.7863 183.173 -10.7299 -88.4938 -21.3534 150.204 
-12.8466 183.1 -10.7011 -88.3417 -21.3345 150.391 
-12.9016 183.037 -10.6642 -88.0885 -21.2359 150.639 
-12.9546 182.975 -10.635 -87.8824 -21.0862 150.912 
-13.0053 182.914 -10.6288 -87.8123 -20.9696 151.099 
-13.0489 182.852 -10.6399 -87.799 -20.8742 151.204 
-13.0774 182.787 -10.6539 -87.721 -20.6306 151.299 
-13.0943 182.723 -10.6715 -87.6434 -20.3505 151.329 
-13.1129 182.665 -10.6961 -87.6586 -20.3131 151.199 
-13.13 182.612 -10.728 -87.7169 -20.4479 150.949 
-13.1434 182.557 -10.7666 -87.7195 -20.5224 150.762 
-13.1485 182.497 -10.8122 -87.6845 -20.4049 150.539 
-13.1371 182.445 -10.851 -87.6711 -20.1572 150.24 
-13.1097 182.404 -10.8789 -87.652 -19.929 150.104 
-13.0724 182.378 -10.8955 -87.6346 -19.835 150.114 
-13.0328 182.365 -10.8983 -87.6499 -19.8856 150.105 
-12.9875 182.36 -10.8915 -87.6386 -19.9582 150.112 
-12.9251 182.364 -10.8802 -87.5478 -19.9939 150.179 
-12.8478 182.376 -10.8772 -87.4014 -20.0153 150.174 
-12.763 182.387 -10.8931 -87.3199 -20.0209 150.05 
-12.6675 182.392 -10.9318 -87.3589 -19.9409 149.915 
-12.5602 182.397 -10.9689 -87.4813 -19.7932 149.872 
-12.4596 182.409 -10.9654 -87.6322 -19.659 149.95 
-12.3613 182.421 -10.9515 -87.6647 -19.5406 150.047 
-12.2563 182.426 -10.9594 -87.5954 -19.5062 150.067 
-12.1561 182.425 -10.9679 -87.6059 -19.6307 150.003 
-12.0731 182.413 -10.9465 -87.6557 -19.7971 149.965 
-12.0009 182.38 -10.907 -87.5892 -19.8985 150.014 
-11.9286 182.328 -10.8604 -87.4752 -20.0367 150.169 
-11.8649 182.261 -10.8053 -87.4348 -20.1568 150.241 
-11.8105 182.19 -10.7423 -87.418 -20.1659 150.188 
-11.7495 182.119 -10.6822 -87.3629 -20.1771 150.205 
-11.6876 182.035 -10.6203 -87.3208 -20.2323 150.395 
-11.6185 181.932 -10.5469 -87.323 -20.1083 150.659 
-11.548 181.823 -10.4614 -87.2361 -19.8078 150.804 
-11.47 181.703 -10.369 -87.1829 -19.6917 150.829 
-11.4033 181.552 -10.2674 -87.2602 -19.681 150.842 
-11.3621 181.361 -10.1886 -87.1879 -19.5116 150.854 
-11.3425 181.145 -10.1165 -86.8999 -19.3634 150.824 
-11.3476 180.919 -10.0207 -86.664 -19.3406 150.762 
-11.3622 180.688 -9.91711 -86.5024 -19.2588 150.791 
-11.3718 180.462 -9.81692 -86.3121 -19.1358 150.9 
-11.4082 180.241 -9.71825 -86.1691 -19.1166 150.907 
-11.4755 180.029 -9.61178 -86.0356 -19.2431 150.866 
-11.5527 179.84 -9.48898 -85.785 -19.4469 150.884 
-11.6339 179.682 -9.36338 -85.4009 -19.5828 150.886 
-11.7117 179.549 -9.26666 -84.9188 -19.7137 150.855 
-11.7689 179.43 -9.20326 -84.4458 -19.9395 150.847 
-11.8053 179.325 -9.14846 -84.1233 -20.0473 150.824 
-11.8318 179.227 -9.08203 -83.8888 -19.904 150.759 
-11.8482 179.133 -9.00536 -83.6581 -19.7371 150.744 
-11.8615 179.047 -8.92334 -83.4295 -19.7517 150.868 
-11.8742 178.972 -8.83548 -83.2438 -19.8996 151.131 
-11.8838 178.91 -8.76874 -83.1615 -20.0398 151.368 
-11.8851 178.851 -8.73268 -83.1457 -20.0823 151.546 
-11.8794 178.798 -8.7015 -83.1353 -19.983 151.73 
-11.8725 178.751 -8.67784 -83.137 -19.8942 151.877 
-11.8651 178.714 -8.66286 -83.1951 -19.9724 151.985 
-11.8565 178.669 -8.63869 -83.3111 -20.0465 152.081 
-11.8588 178.606 -8.59974 -83.3406 -20.0298 152.222 
-11.8767 178.534 -8.57427 -83.22 -20.0142 152.419 
-11.8981 178.459 -8.57754 -83.0856 -19.9734 152.628 
-11.9177 178.387 -8.60129 -83.1085 -19.8333 152.817 
-11.9419 178.32 -8.64409 -83.2129 -19.6133 152.863 
-11.9825 178.26 -8.71568 -83.218 -19.5486 152.652 
-12.033 178.204 -8.78412 -83.2104 -19.723 152.228 
-12.0963 178.153 -8.80273 -83.2069 -19.8982 151.978 
-12.1728 178.109 -8.77045 -83.0765 -19.9269 152.076 
-12.2388 178.071 -8.72714 -82.8285 -19.855 152.301 
-12.2829 178.038 -8.69335 -82.6261 -19.7047 152.399 
-12.3181 177.997 -8.64654 -82.5922 -19.5324 152.443 
-12.3489 177.938 -8.57491 -82.6589 -19.4179 152.492 
-12.366 177.872 -8.48785 -82.7875 -19.3255 152.51 
-12.3923 177.805 -8.38492 -82.9061 -19.1756 152.58 
-12.4317 177.736 -8.27216 -82.9264 -19.0531 152.727 
-12.4582 177.675 -8.1662 -82.9581 -19.0616 152.856 
-12.4917 177.625 -8.07077 -83.0113 -19.0558 152.957 
-12.5482 177.567 -7.98553 -83.0157 -18.9392 153.063 
-12.6017 177.489 -7.91041 -83.0303 -18.9127 153.153 
-12.623 177.41 -7.83208 -83.1555 -18.9954 153.293 
-12.6507 177.312 -7.75421 -83.2571 -18.9357 153.453 
-12.714 177.178 -7.6894 -83.2148 -18.7524 153.519 
-12.8176 177.018 -7.62524 -83.1467 -18.6676 153.511 
-12.9491 176.855 -7.55208 -83.0786 -18.6455 153.484 
-13.1048 176.709 -7.48592 -82.8335 -18.6388 153.606 
-13.284 176.594 -7.45035 -82.4944 -18.672 153.677 
-13.4575 176.51 -7.4496 -82.2893 -18.7982 153.648 
-13.6062 176.451 -7.48376 -82.2093 -18.9828 153.56 
-13.731 176.414 -7.56373 -82.1244 -19.1223 153.325 
-13.8346 176.396 -7.6989 -82.1116 -19.3071 152.963 
-13.9293 176.413 -7.87092 -82.2021 -19.5017 152.584 
-14.0185 176.485 -8.0498 -82.2353 -19.6684 152.28 
-14.0877 176.625 -8.24939 -82.1936 -19.8813 152.064 
-14.137 176.82 -8.49926 -82.2613 -20.1363 151.744 
-14.1732 177.036 -8.78518 -82.4399 -20.3334 151.359 
-14.1981 177.261 -9.07617 -82.5254 -20.3625 151.057 
-14.1925 177.497 -9.36017 -82.5144 -20.2673 150.851 
-14.1463 177.725 -9.62668 -82.5391 -20.1381 150.68 
-14.0601 177.944 -9.85097 -82.6305 -20.0239 150.512 
-13.9446 178.15 -10.0268 -82.826 -20.0039 150.506 
-13.8073 178.352 -10.1599 -83.1478 -20.0743 150.619 
-13.6558 178.541 -10.2783 -83.5546 -20.1857 150.691 
-13.5023 178.706 -10.3796 -83.9205 -20.1355 150.719 
-13.359 178.834 -10.4815 -84.1709 -19.929 150.716 
-13.2267 178.944 -10.5803 -84.3614 -19.8474 150.69 
-13.1397 179.037 -10.698 -84.5046 -19.8827 150.449 
-13.0889 179.125 -10.8361 -84.5492 -19.9114 150.204 
-13.0367 179.226 -10.9633 -84.5582 -19.7917 149.961 
-12.9886 179.344 -11.0802 -84.5804 -19.5691 149.606 
-12.9571 179.485 -11.1665 -84.5487 -19.5316 149.464 
-12.9357 179.651 -11.2328 -84.487 -19.6861 149.532 
-12.9186 179.841 -11.2879 -84.4423 -19.946 149.634 
-12.918 180.054 -11.3266 -84.2929 -20.2588 149.717 
-12.9537 180.278 -11.3589 -83.9397 -20.5697 149.751 
-13.0274 180.502 -11.4154 -83.503 -20.9446 149.73 
-13.1135 180.724 -11.5058 -83.0745 -21.3478 149.682 
-13.1799 180.945 -11.6107 -82.6662 -21.6244 149.632 
-13.2271 181.169 -11.7229 -82.4039 -21.9092 149.643 
-13.275 181.389 -11.8561 -82.3433 -22.4546 149.696 
-13.3374 181.598 -11.9912 -82.3189 -23.1719 149.659 
-13.4121 181.787 -12.1015 -82.1835 -23.8003 149.598 
-13.5019 181.96 -12.1648 -81.9204 -24.1267 149.687 
-13.6148 182.127 -12.1749 -81.5035 -24.3956 149.988 
-13.74 182.297 -12.1496 -81.0102 -24.9183 150.361 
-13.8686 182.458 -12.1106 -80.6035 -25.5434 150.686 
-14.012 182.596 -12.072 -80.2768 -25.8786 150.944 
-14.1749 182.708 -12.0147 -79.8413 -25.9552 151.238 
-14.317 182.802 -11.951 -79.4837 -26.1689 151.56 
-14.4303 182.876 -11.8825 -79.4556 -26.5289 151.807 
-14.5394 182.943 -11.8152 -79.6257 -26.8041 151.957 
-14.66 183.005 -11.7447 -79.7829 -26.9546 152.04 
-14.7918 183.05 -11.6507 -79.9135 -27.0261 152.09 
-14.9238 183.082 -11.5328 -79.9392 -27.0179 152.174 
-15.0434 183.115 -11.4083 -79.8787 -27.0918 152.328 
-15.1716 183.145 -11.2674 -79.8198 -27.4241 152.524 
-15.2987 183.169 -11.1181 -79.7473 -27.9296 152.72 
-15.4096 183.17 -10.9835 -79.6837 -28.4216 152.838 
-15.5041 183.137 -10.8464 -79.6362 -28.7801 152.966 
-15.5853 183.075 -10.6888 -79.5771 -28.9645 153.21 
-15.6544 182.987 -10.5278 -79.5178 -28.9373 153.436 
-15.7177 182.882 -10.3801 -79.4836 -28.7918 153.537 
-15.7845 182.762 -10.2513 -79.5478 -28.7381 153.605 
-15.8371 182.639 -10.1419 -79.7591 -28.7415 153.678 
-15.8593 182.535 -10.0539 -79.9586 -28.6375 153.722 
-15.8601 182.449 -9.99072 -80.0971 -28.5006 153.726 
-15.8729 182.354 -9.957 -80.1818 -28.4369 153.633 
-15.908 182.25 -9.92196 -80.2377 -28.3986 153.528 
-15.9336 182.148 -9.88524 -80.2567 -28.2557 153.54 
-15.945 182.051 -9.84606 -80.2602 -28.0046 153.552 
-15.9655 181.965 -9.79279 -80.2759 -27.7376 153.536 
-15.9938 181.899 -9.72462 -80.2762 -27.5318 153.636 
-16.013 181.871 -9.66093 -80.2583 -27.4499 153.763 
-16.0215 181.865 -9.62403 -80.2468 -27.5045 153.816 
-16.0211 181.86 -9.61048 -80.2233 -27.57 153.855 
-16.0079 181.856 -9.61391 -80.1907 -27.5537 153.916 
-15.9806 181.851 -9.6354 -80.1914 -27.4471 153.983 
-15.9405 181.839 -9.67203 -80.2056 -27.3232 154.011 
-15.8955 181.821 -9.71961 -80.2212 -27.2806 153.926 
-15.8582 181.804 -9.76779 -80.2067 -27.348 153.809 
-15.8323 181.787 -9.81567 -80.143 -27.5143 153.801 
-15.8103 181.765 -9.85472 -80.0705 -27.5681 153.834 
-15.7917 181.73 -9.87115 -79.9575 -27.477 153.819 
-15.7758 181.683 -9.87686 -79.826 -27.5681 153.781 
-15.7622 181.626 -9.88007 -79.7065 -27.8432 153.742 
-15.7489 181.551 -9.89934 -79.5867 -27.9747 153.681 
-15.7441 181.462 -9.90692 -79.4055 -27.8941 153.665 
-15.7452 181.363 -9.9028 -79.2207 -27.8081 153.713 
-15.7339 181.245 -9.9026 -79.1375 -27.8148 153.753 
-15.7089 181.108 -9.91459 -79.1941 -27.8515 153.687 
-15.6848 180.962 -9.93459 -79.2716 -27.8543 153.586 
-15.665 180.82 -9.92405 -79.2417 -27.7864 153.608 
-15.6471 180.684 -9.87718 -79.1569 -27.666 153.731 
-15.6314 180.552 -9.82481 -79.0872 -27.5357 153.799 
-15.6184 180.422 -9.78068 -79.0238 -27.4604 153.898 
-15.6016 180.299 -9.7368 -78.9832 -27.3404 153.929 
-15.5799 180.183 -9.68586 -78.971 -27.2436 153.942 
-15.5549 180.069 -9.65179 -79.0039 -27.2673 153.953 
-15.5286 179.955 -9.62 -79.0852 -27.3193 153.911 
-15.5041 179.84 -9.57971 -79.1378 -27.2697 153.899 
-15.4757 179.718 -9.5275 -79.1406 -27.0991 153.972 
-15.4399 179.583 -9.47888 -79.1573 -26.8538 154.05 
-15.3979 179.427 -9.43883 -79.1771 -26.6008 154.177 
-15.355 179.244 -9.40314 -79.2087 -26.3444 154.293 
-15.3253 179.038 -9.3594 -79.2704 -26.1226 154.319 
-15.3149 178.813 -9.28769 -79.3625 -25.9329 154.302 
-15.3117 178.563 -9.19987 -79.4178 -25.7321 154.374 
-15.3009 178.286 -9.08614 -79.4194 -25.4948 154.574 
-15.286 177.984 -8.92426 -79.4993 -25.184 154.86 
-15.2933 177.657 -8.73331 -79.6332 -24.8608 155.253 
-15.3295 177.308 -8.53781 -79.7517 -24.7356 155.827 
-15.375 176.936 -8.34147 -80.0135 -24.7522 156.482 
-15.4103 176.533 -8.13219 -80.4051 -24.6621 157.238 
-15.4576 176.099 -7.91871 -80.7475 -24.3092 158.208 
-15.553 175.645 -7.7189 -81.1372 -23.8332 159.269 
-15.7154 175.174 -7.51726 -81.6372 -23.6068 160.296 
-15.9389 174.663 -7.31279 -81.9994 -23.8749 161.21 
-16.2106 174.101 -7.13608 -82.2499 -24.6039 161.702 
-16.5288 173.51 -7.00453 -82.7283 -25.6911 161.636 
-16.8905 172.903 -6.89695 -83.3167 -26.9715 161.64 
-17.2788 172.288 -6.81801 -83.6489 -27.8606 162.168 
-17.6887 171.655 -6.78579 -83.7952 -28.0279 162.899 
-18.102 170.967 -6.76174 -84.0506 -27.8323 163.391 
-18.4927 170.23 -6.70268 -84.4011 -27.7103 163.751 
-18.8565 169.483 -6.60822 -84.7739 -27.6335 164.049 
-19.1942 168.75 -6.48341 -85.1574 -27.5371 164.297 
-19.4936 168.045 -6.32853 -85.4682 -27.7216 164.775 
-19.7458 167.37 -6.13938 -85.856 -28.3463 165.692 
-19.9592 166.696 -5.87294 -86.6476 -29.0072 166.692 
-20.1465 166.008 -5.48698 -87.6656 -29.2109 167.331 
-20.3074 165.332 -5.01657 -88.4753 -28.9969 167.719 
-20.4346 164.68 -4.49398 -89.0647 -28.9588 168.13 
-20.5455 164.04 -3.8913 -89.381 -29.4745 168.86 
-20.6759 163.403 -3.17673 -89.1786 -30.0795 170.11 
-20.846 162.775 -2.34676 -88.3073 -29.9147 171.812 
-21.0452 162.15 -1.40982 -87.056 -29.0469 173.594 
-21.2336 161.529 -0.403622 -85.756 -28.7861 175.247 
-21.3915 160.895 0.611188 -84.271 -30.0005 176.829 
-21.5126 160.26 1.5956 -82.6318 -31.8019 178.278 
-21.5967 159.65 2.55684 -81.2616 -33.0378 179.599 
-21.6581 159.067 3.48178 -80.0149 -33.6331 -178.865 
-21.7309 158.484 4.34079 -78.5588 -34.1433 -177.126 
-21.8185 157.903 5.11283 -76.8561 -34.9829 -175.492 
-21.8701 157.343 5.78435 -75.1753 -36.2353 -174.107 
-21.844 156.821 6.36182 -73.7868 -37.4594 -172.827 
-21.7577 156.359 6.88871 -72.7278 -37.8871 -171.474 
-21.6568 155.979 7.36452 -71.7863 -37.6963 -170.044 
-21.5508 155.663 7.74079 -70.8334 -37.6288 -168.539 
-21.4306 155.39 7.98932 -70.0749 -37.7157 -167.084 
-21.31 155.17 8.11622 -69.5975 -37.8489 -165.881 
-21.2038 154.987 8.12045 -69.3766 -38.1148 -165.06 
-21.1057 154.804 7.97877 -69.4074 -38.658 -164.676 
-21.0445 154.604 7.75026 -69.4667 -39.6427 -164.465 
-21.0324 154.425 7.52685 -69.6286 -40.454 -164.249 
-21.062 154.294 7.31934 -69.9027 -40.6275 -164.039 
-21.1637 154.182 7.12276 -69.8526 -40.7807 -163.797 
-21.2965 154.072 6.92813 -69.528 -41.374 -163.476 
-21.4138 153.965 6.73343 -69.2608 -42.4311 -163.176 
-21.5135 153.855 6.55542 -69.0313 -43.6448 -162.941 
-21.64 153.732 6.43664 -68.8142 -44.4362 -162.803 
-21.7678 153.609 6.36633 -68.5254 -44.9403 -162.534 
-21.8832 153.503 6.3158 -67.9892 -45.6886 -161.938 
-21.9862 153.428 6.28996 -67.4416 -46.3685 -161.222 
-22.0968 153.367 6.30666 -67.0373 -46.492 -160.591 
-22.2405 153.297 6.35937 -66.563 -46.3874 -159.965 
-22.4118 153.213 6.4208 -66.0683 -46.4274 -159.432 
-22.5905 153.124 6.4675 -65.7016 -46.4818 -159.129 
-22.7783 153.038 6.50628 -65.4401 -46.427 -159.066 
-22.9737 152.951 6.52627 -65.1491 -46.508 -159.079 
-23.1608 152.863 6.52171 -64.8706 -46.7698 -159.122 
-23.3081 152.794 6.51223 -64.7638 -46.9965 -159.242 
-23.4103 152.754 6.52947 -64.6901 -47.0014 -159.228 
-23.4964 152.72 6.60156 -64.5583 -46.9003 -159.079 
-23.589 152.672 6.73358 -64.3678 -46.9328 -158.883 
-23.678 152.621 6.89958 -64.0613 -47.0949 -158.546 
-23.7658 152.563 7.0534 -63.6667 -47.3522 -158.14 
-23.8598 152.504 7.19459 -63.2824 -47.6289 -157.762 
-23.9675 152.462 7.3491 -62.9765 -47.7247 -157.471 
-24.079 152.427 7.51049 -62.7196 -47.6427 -157.237 
-24.1827 152.389 7.64959 -62.4926 -47.5179 -157.007 
-24.2768 152.352 7.76132 -62.2872 -47.5092 -156.819 
-24.3549 152.33 7.85605 -62.2348 -47.4922 -156.804 
-24.4182 152.32 7.94243 -62.276 -47.3821 -156.84 
-24.5069 152.305 8.02403 -62.1373 -47.3838 -156.713 
-24.6045 152.288 8.08862 -61.9605 -47.502 -156.567 
-24.6989 152.282 8.14223 -61.8838 -47.5686 -156.532 
-24.7937 152.281 8.19077 -61.9074 -47.5142 -156.633 
-24.8886 152.267 8.22214 -61.7777 -47.5102 -156.681 
-24.9659 152.236 8.23568 -61.4975 -47.5886 -156.608 
-25.017 152.199 8.2488 -61.4289 -47.6507 -156.651 
-25.0686 152.154 8.27398 -61.5739 -47.7705 -156.874 
-25.1378 152.105 8.34677 -61.6609 -47.8916 -157.047 
-25.2088 152.072 8.47896 -61.6002 -47.8379 -157 
-25.2555 152.06 8.63449 -61.2836 -47.7756 -156.632 
-25.2678 152.06 8.76748 -60.6705 -48.1468 -156.026 
-25.2623 152.06 8.81738 -60.2781 -48.5275 -155.662 
